256	-1
0	97
0	2
0	3
0	5
0	40
0	12
0	14
0	18
0	211
1	2
1	3
1	4
1	6
1	231
1	8
1	41
1	202
1	11
1	12
1	13
1	14
1	112
1	113
1	35
1	83
1	120
2	3
2	4
2	102
2	6
2	7
2	11
2	12
2	13
2	14
2	35
2	187
2	156
3	4
3	5
3	96
3	9
3	10
3	11
3	12
3	13
3	14
3	15
3	24
3	217
4	5
4	6
4	7
4	11
4	14
4	15
4	83
4	20
4	57
4	39
4	211
5	166
5	6
5	7
5	8
5	9
5	11
5	12
5	14
5	15
5	44
5	196
5	39
5	29
5	30
6	96
6	7
6	8
6	12
6	13
6	72
6	157
7	8
7	9
7	43
7	12
7	14
7	15
7	87
7	62
8	9
8	11
8	12
8	13
8	14
8	15
8	20
8	57
8	62
9	233
9	10
9	12
9	13
9	14
9	141
9	84
9	174
9	30
9	197
10	32
10	129
10	193
10	11
10	15
10	51
10	23
10	60
11	13
11	111
11	34
11	144
11	155
11	60
12	32
12	13
12	14
12	15
12	113
12	25
12	27
12	62
13	33
13	14
13	15
13	48
13	47
14	39
14	226
14	47
14	34
14	19
14	116
14	41
14	79
14	61
15	43
15	57
15	228
16	49
16	184
16	122
16	17
16	18
16	19
16	20
16	21
16	22
16	23
16	24
16	25
16	26
16	27
16	29
17	37
17	46
17	18
17	24
17	155
17	28
17	29
17	31
18	19
18	21
18	22
18	23
18	24
18	26
18	29
18	31
19	32
19	143
19	111
19	20
19	21
19	23
19	26
19	59
19	29
19	31
20	42
20	21
20	22
20	23
20	24
20	25
20	26
20	59
20	28
20	29
21	197
21	22
21	23
21	24
21	25
21	29
21	30
21	31
22	52
22	61
22	23
22	25
22	28
22	29
22	30
22	31
23	47
23	49
23	55
23	24
23	25
23	27
23	28
23	253
24	192
24	240
24	220
24	45
24	245
24	25
24	26
24	27
24	28
24	63
25	26
25	27
25	28
25	30
26	49
26	58
26	27
26	28
26	158
26	31
27	34
27	164
27	28
27	29
27	30
27	31
28	152
28	56
28	41
28	63
28	58
28	213
28	29
28	62
28	31
29	227
29	81
29	44
29	30
29	31
30	34
30	48
30	60
30	31
31	39
31	41
31	60
31	112
32	33
32	34
32	35
32	36
32	39
32	40
32	41
32	43
32	46
32	44
32	250
32	47
33	34
33	35
33	40
33	41
33	42
33	45
33	56
34	98
34	35
34	37
34	39
34	72
34	41
34	42
34	224
34	47
35	36
35	40
35	41
35	44
35	45
35	57
35	47
35	188
36	198
36	37
36	38
36	39
36	40
36	43
36	44
36	51
36	58
37	38
37	39
37	136
37	41
37	42
37	43
37	44
37	45
37	47
37	93
38	39
38	40
38	41
38	42
38	43
38	46
38	47
38	144
38	52
38	86
39	40
39	41
39	43
39	47
39	58
40	44
40	47
40	43
40	167
40	62
41	162
41	149
41	43
41	52
41	46
41	224
41	53
42	43
42	47
42	54
42	166
43	45
43	177
43	47
44	45
44	46
44	47
44	200
44	178
44	99
44	54
45	46
45	47
45	52
45	60
46	47
46	87
46	189
46	62
47	137
47	53
48	65
48	50
48	51
48	62
48	54
48	55
48	57
48	58
48	59
48	60
48	61
49	100
49	50
49	51
49	53
49	56
49	59
49	60
49	61
50	52
50	53
50	55
50	56
50	217
50	59
50	60
50	63
51	201
51	56
51	57
51	58
51	59
51	95
52	195
52	54
52	53
52	55
52	56
52	165
53	54
53	55
53	56
53	61
53	62
54	57
54	61
55	69
55	56
55	58
55	59
55	61
56	238
56	57
56	90
56	59
57	232
57	59
57	60
57	61
57	63
58	208
58	121
58	59
58	62
59	61
59	95
60	178
60	168
60	93
60	62
60	63
60	61
61	240
61	67
61	89
61	63
62	113
62	63
63	129
64	96
64	65
64	66
64	67
64	69
64	71
64	74
64	235
64	76
64	205
64	79
64	118
64	88
65	96
65	66
65	67
65	68
65	69
65	74
65	235
65	76
65	77
65	78
65	115
65	124
66	110
66	68
66	69
66	70
66	71
66	73
66	74
66	75
66	76
66	77
66	78
66	79
66	81
66	204
66	96
66	105
66	189
67	68
67	70
67	97
67	74
67	76
67	78
67	79
67	114
67	111
67	190
68	164
68	69
68	70
68	71
68	73
68	77
68	78
68	124
69	101
69	70
69	71
69	75
69	78
69	82
69	110
70	102
70	71
70	73
70	74
70	107
70	76
70	77
70	78
70	109
70	80
70	145
70	146
71	193
71	72
71	73
71	74
71	119
71	77
71	79
71	82
71	87
72	195
72	73
72	74
72	75
72	111
72	84
72	120
72	94
73	74
73	75
73	118
73	103
74	75
74	79
74	81
75	76
75	77
75	79
75	205
75	117
75	223
75	127
76	77
76	78
76	79
76	89
76	111
77	192
77	79
77	84
77	118
77	88
78	169
78	79
78	85
78	154
78	111
79	103
79	80
79	83
79	91
80	106
80	81
80	82
80	83
80	85
80	86
80	91
80	92
80	95
81	93
81	177
81	82
81	83
81	126
81	89
81	91
81	92
81	94
82	176
82	104
82	119
82	83
82	85
82	86
82	87
82	88
82	89
82	92
82	93
82	94
82	95
83	164
83	106
83	115
83	84
83	86
83	87
83	88
83	89
83	90
83	123
83	94
83	95
84	97
84	133
84	144
84	232
84	85
84	86
84	219
84	95
85	96
85	104
85	86
85	116
85	93
85	94
86	248
86	214
86	88
86	89
86	90
86	125
86	126
87	225
87	155
87	199
87	88
87	89
87	90
87	91
87	92
87	94
87	95
88	100
88	90
88	91
88	92
88	95
89	199
89	136
89	125
89	176
89	90
89	91
89	94
90	134
90	114
90	122
90	91
90	94
90	95
91	119
91	204
91	118
91	92
91	93
92	176
92	124
92	94
92	95
93	99
93	126
93	94
93	95
94	124
94	116
94	95
95	243
95	109
96	100
96	101
96	97
96	194
96	201
96	107
96	108
96	98
96	110
96	111
96	99
96	102
97	98
97	101
97	130
97	104
97	106
97	108
97	109
97	111
97	99
97	220
98	99
98	100
98	101
98	253
98	105
98	110
98	111
98	147
98	233
98	163
98	157
99	100
99	102
99	103
99	104
99	105
99	106
99	224
99	110
99	111
99	125
100	102
100	103
100	105
100	106
100	110
100	117
101	102
101	103
101	104
101	105
101	106
101	109
101	111
101	112
101	113
102	103
102	104
102	105
102	106
102	173
102	120
102	124
103	108
103	109
103	110
103	208
103	111
104	105
104	107
104	108
104	111
104	121
105	106
105	108
105	109
105	118
105	124
105	126
106	107
106	109
106	181
107	109
107	111
107	239
108	162
108	109
108	110
108	111
108	113
108	221
109	131
109	110
109	127
109	125
110	129
110	198
110	244
110	119
110	111
111	131
111	202
111	116
111	222
112	138
112	127
112	113
112	114
112	115
112	118
112	119
112	120
112	121
112	122
112	123
112	124
112	125
112	126
113	140
113	115
113	116
113	158
113	120
113	121
113	122
114	162
114	246
114	115
114	116
114	118
114	120
114	121
114	122
114	127
115	215
115	116
115	119
115	122
115	126
115	127
116	165
116	126
116	118
116	119
116	120
116	121
116	127
116	117
117	242
117	119
117	122
117	126
117	127
118	119
118	120
118	121
118	122
118	124
118	126
119	148
119	131
119	121
119	124
119	127
120	133
120	252
120	204
120	174
120	121
120	122
120	123
120	124
120	125
120	126
121	151
121	123
121	124
121	122
121	127
122	123
122	126
122	127
123	210
123	124
123	126
124	173
124	126
124	125
124	127
125	128
125	126
125	127
126	131
126	127
127	184
128	129
128	130
128	131
128	132
128	133
128	167
128	136
128	138
128	164
128	155
129	130
129	131
129	133
129	134
129	171
129	140
129	143
129	174
129	142
129	183
129	184
129	154
129	138
130	131
130	132
130	135
130	236
130	139
130	172
130	142
130	143
130	136
130	148
130	181
130	152
130	160
131	132
131	136
131	137
131	138
131	141
131	241
131	143
132	133
132	134
132	138
132	139
132	140
132	141
132	143
132	157
132	191
133	166
133	134
133	135
133	137
133	139
133	141
133	174
133	173
133	220
134	135
134	232
134	143
134	255
135	225
135	137
135	140
135	173
135	142
135	143
135	181
135	154
136	172
136	138
136	139
136	140
136	143
137	164
137	138
137	139
137	140
137	141
137	174
137	208
137	143
137	165
138	139
138	141
138	142
138	159
139	140
139	142
139	143
139	233
140	141
140	142
140	143
140	151
141	167
141	203
141	142
141	143
141	190
142	160
142	163
142	165
142	143
142	155
142	252
143	147
143	185
144	181
144	169
144	145
144	146
144	147
144	149
144	151
144	187
144	157
144	158
144	159
145	165
145	200
145	171
145	146
145	147
145	148
145	149
145	150
145	153
145	154
145	166
145	159
146	147
146	149
146	150
146	152
146	154
146	159
147	148
147	222
147	150
147	152
147	212
147	154
147	155
147	157
147	158
147	159
148	181
148	187
148	151
148	178
148	149
148	150
148	184
148	153
148	154
148	155
148	158
148	159
149	160
149	176
149	199
149	171
149	205
149	179
149	181
149	150
149	151
149	154
149	187
149	157
149	191
150	163
150	165
150	151
150	155
150	189
151	166
151	155
151	157
152	156
152	173
152	180
152	153
152	154
152	155
152	159
153	194
153	244
153	165
153	188
153	179
153	185
153	154
153	155
153	156
154	164
154	155
154	156
154	157
154	158
155	167
155	158
155	159
156	163
156	157
156	158
156	159
157	195
157	167
157	211
157	174
157	158
157	159
158	185
158	159
159	230
159	166
159	171
160	161
160	163
160	165
160	168
160	169
160	170
160	171
160	172
160	162
160	173
160	240
160	175
160	174
160	181
161	163
161	167
161	172
161	173
161	190
162	163
162	164
162	165
162	166
162	167
162	168
162	170
162	171
162	182
163	164
163	166
163	170
163	171
163	172
163	173
163	174
164	165
164	166
164	167
164	168
164	171
164	172
164	175
164	189
165	192
165	166
165	167
165	183
165	175
165	251
165	169
166	193
166	168
166	169
166	172
166	175
166	170
167	219
167	169
167	170
167	172
167	174
168	169
168	170
168	171
168	172
168	174
168	179
169	229
169	170
169	171
169	204
169	178
169	179
169	186
169	191
170	171
170	172
170	185
171	175
171	244
172	173
172	174
172	175
173	175
173	207
174	175
174	218
176	188
176	178
176	177
176	243
176	185
176	184
176	186
176	187
176	189
176	191
177	178
177	179
177	180
177	181
177	182
177	183
177	184
177	186
177	187
177	188
178	188
178	179
178	181
178	185
178	184
178	180
178	191
179	180
179	184
179	189
180	181
180	182
180	183
180	185
180	188
180	190
180	191
181	192
181	190
181	182
181	183
181	184
181	187
181	188
181	185
181	191
182	241
182	238
182	183
182	184
182	185
182	186
182	188
182	190
182	213
183	231
183	184
183	189
183	191
184	185
184	186
184	187
184	188
185	226
185	214
185	186
185	187
185	188
185	189
186	187
186	190
187	212
187	188
188	190
188	191
189	190
189	191
190	198
190	208
190	191
191	199
191	214
192	193
192	194
192	195
192	231
192	200
192	201
192	202
192	204
192	206
192	205
193	194
193	195
193	196
193	197
193	199
193	204
193	206
193	207
193	234
194	203
194	196
194	197
194	198
194	200
194	202
194	199
194	207
194	211
195	196
195	197
195	203
195	205
195	207
195	219
195	229
196	199
196	201
196	225
196	207
196	215
196	220
196	253
196	197
197	198
197	199
197	205
197	206
197	207
197	241
197	201
197	213
198	201
198	202
198	205
198	207
198	241
198	206
198	214
198	250
198	229
199	203
199	205
199	206
199	207
199	228
200	201
200	202
200	203
200	239
200	204
200	251
201	202
201	203
201	206
201	207
201	230
202	203
202	204
202	238
202	212
202	215
202	220
203	238
203	207
204	228
204	205
204	206
205	206
205	207
205	208
205	231
206	207
206	208
207	227
207	217
207	231
208	240
208	241
208	222
208	209
208	210
208	211
208	244
208	213
208	214
208	216
208	217
208	219
208	220
208	221
209	227
209	246
209	210
209	211
209	212
209	214
209	215
209	216
209	217
209	219
209	220
209	221
209	223
210	224
210	219
210	241
210	211
210	212
210	213
210	218
210	222
211	246
211	235
211	221
211	213
211	214
211	217
211	219
211	220
211	222
211	223
212	225
212	219
212	243
212	227
212	247
212	245
212	213
212	214
212	215
212	216
212	217
212	218
212	223
213	214
213	220
213	215
213	217
213	219
213	221
213	222
213	223
214	223
214	215
214	216
214	217
214	219
214	218
214	222
215	238
215	219
215	220
215	221
215	222
216	233
216	217
216	218
216	219
216	220
216	223
217	243
217	238
217	218
217	219
217	220
217	221
217	223
218	219
218	220
218	221
219	240
219	226
219	232
219	220
219	222
219	223
220	255
220	221
220	222
220	223
221	222
221	223
222	223
223	229
224	225
224	228
224	231
224	232
224	234
224	235
224	226
224	237
224	227
224	233
224	255
225	226
225	227
225	235
225	232
225	233
225	234
225	231
225	236
225	238
225	239
225	246
226	227
226	229
226	233
226	234
226	235
226	237
226	239
226	238
226	249
226	253
227	228
227	230
227	241
227	233
227	236
227	249
227	239
228	229
228	230
228	233
228	234
228	231
228	237
228	238
228	250
229	230
229	231
229	232
229	234
229	239
229	241
229	233
229	249
229	251
230	231
230	232
230	238
230	252
231	232
231	233
231	235
231	236
231	239
232	233
232	234
232	235
232	255
232	241
232	242
233	234
233	236
233	238
233	239
233	235
234	235
234	239
235	237
235	249
236	237
236	238
236	239
237	238
237	239
237	244
238	239
240	241
240	242
240	243
240	244
240	247
240	254
240	255
241	243
241	242
241	244
241	248
241	249
241	255
241	252
241	253
242	248
242	249
242	250
242	251
243	251
243	255
243	246
243	247
243	248
243	250
243	249
243	252
244	245
244	246
244	247
244	248
244	250
244	251
244	253
244	254
244	255
245	246
245	247
245	254
245	255
246	247
246	249
246	250
246	252
247	250
247	252
247	253
247	254
248	249
248	250
248	251
248	254
249	250
249	251
249	254
249	255
250	251
250	252
250	254
251	255
251	252
252	253
252	254
252	255
253	254
253	255
254	255