64	-1
0	11
0	1
0	2
0	3
0	33
1	3
1	7
1	8
1	43
1	11
2	9
2	3
2	12
2	13
3	15
4	28
4	5
4	6
4	7
5	6
5	7
5	8
5	11
5	13
6	7
7	33
7	15
8	9
9	10
9	11
9	12
9	14
9	15
10	11
11	32
12	24
12	13
12	15
13	14
13	15
13	49
14	15
16	17
16	18
16	19
16	44
16	25
17	18
17	19
18	42
18	19
18	22
18	24
18	31
19	21
20	27
20	21
20	22
20	23
21	22
21	23
22	42
22	23
22	24
22	25
23	26
24	25
24	26
24	27
24	30
25	26
25	27
25	30
26	27
27	28
28	54
28	30
28	31
29	40
29	51
29	31
30	35
30	31
32	33
32	34
32	35
33	34
33	35
33	42
33	44
34	35
34	37
34	44
34	51
35	44
36	61
36	37
36	38
36	39
37	38
37	39
38	41
38	46
38	39
39	43
39	45
39	47
40	41
40	42
40	43
40	47
40	60
41	42
41	43
42	43
42	46
42	55
44	45
44	46
44	47
45	46
46	47
46	54
46	63
48	49
48	50
48	51
48	63
49	50
49	51
50	51
50	55
50	61
50	63
51	61
52	62
52	53
52	54
52	55
53	54
53	55
53	59
53	60
53	63
54	55
54	58
56	57
56	58
56	59
57	58
57	59
58	59
60	62
60	63
61	62
61	63
62	63