2252	2235
2235	1995
2236	263
2237	768
2237	390
2237	2190
2237	655
2237	1044
2237	2137
2237	1049
2237	922
2237	282
2237	1440
2237	673
2237	2085
2237	1586
2237	2222
2237	1329
2237	818
2237	1076
2237	1461
2237	182
2237	1209
2237	698
2237	1471
2237	1984
2237	65
2237	1990
2237	1953
2237	968
2237	1226
2237	972
2237	1946
2237	720
2237	2126
2237	857
2237	603
2237	865
2237	1379
2237	614
2237	103
2237	363
2237	364
2237	1389
2237	495
2237	1423
2237	1909
2237	630
2237	2167
2237	1551
2237	1529
2237	2170
2237	1659
2237	1407
2238	1968
2239	2153
2240	160
2240	545
2240	896
2240	259
2240	1542
2240	139
2240	1741
2240	1858
2240	1488
2240	915
2240	2003
2240	1695
2240	156
2240	286
2240	415
2241	1537
2241	2051
2241	86
2241	1030
2241	519
2241	8
2241	2046
2241	526
2241	1039
2241	2067
2241	534
2241	1048
2241	1455
2241	541
2241	1058
2241	1790
2241	1573
2241	40
2241	41
2241	1543
2241	2093
2241	1583
2241	48
2241	1075
2241	53
2241	567
2241	56
2241	1593
2241	1594
2241	95
2241	572
2241	2109
2241	2110
2241	949
2241	1603
2241	72
2241	588
2241	1619
2241	598
2241	1111
2241	602
2241	2063
2241	2142
2241	607
2241	98
2241	2148
2241	1639
2241	956
2241	1643
2241	620
2241	621
2241	110
2241	1913
2241	1197
2241	627
2241	1657
2241	1150
2241	1665
2241	130
2241	2179
2241	2180
2241	646
2241	1159
2241	1674
2241	1676
2241	1165
2241	1681
2241	2158
2241	1174
2241	2199
2241	665
2241	1691
2241	1693
2241	676
2241	2214
2241	1193
2241	685
2241	2077
2241	1200
2241	1715
2241	180
2241	1206
2241	1212
2241	706
2241	1219
2241	708
2241	1230
2241	207
2241	1234
2241	1236
2241	213
2241	727
2241	1753
2241	719
2241	735
2241	226
2241	1764
2241	229
2241	1255
2241	1260
2241	241
2241	1778
2241	243
2241	1577
2241	251
2241	764
2241	766
2241	1280
2241	769
2241	1284
2241	1285
2241	1802
2241	779
2241	1296
2241	276
2241	2072
2241	791
2241	1304
2241	1305
2241	1818
2241	1307
2241	1311
2241	1584
2241	1826
2241	803
2241	1317
2241	1318
2241	1751
2241	1321
2241	299
2241	1325
2241	1327
2241	1840
2241	1709
2241	311
2241	1336
2241	1759
2241	1589
2241	1859
2241	325
2241	2193
2241	332
2241	846
2241	2019
2241	340
2241	853
2241	1880
2241	1882
2241	1373
2241	864
2241	866
2241	1895
2241	1900
2241	878
2241	2205
2241	884
2241	373
2241	1400
2241	889
2241	1087
2241	1409
2241	1923
2241	1924
2241	1686
2241	403
2241	1429
2241	1430
2241	410
2241	411
2241	925
2241	416
2241	419
2241	1447
2241	424
2241	427
2241	431
2241	1096
2241	437
2241	439
2241	1978
2241	955
2241	444
2241	448
2241	454
2241	2095
2241	458
2241	459
2241	2001
2241	1485
2241	974
2241	1999
2241	254
2241	467
2241	468
2241	2006
2241	985
2241	475
2241	2013
2241	2198
2241	480
2241	995
2241	2020
2241	997
2241	1755
2241	488
2241	493
2241	1520
2241	1522
2241	2124
2241	501
2241	1526
2241	2044
2241	1022
2241	1877
2242	928
2242	1728
2242	291
2242	619
2242	1871
2242	2225
2243	173
2243	2128
2243	1205
2243	1078
2243	1975
2243	1660
2244	3
2244	7
2244	12
2244	2061
2244	22
2244	2071
2244	27
2244	2078
2244	32
2244	33
2244	37
2244	2091
2244	2099
2244	2100
2244	2102
2244	58
2244	59
2244	60
2244	62
2244	2112
2244	2113
2244	66
2244	2118
2244	2120
2244	2121
2244	76
2244	77
2244	80
2244	82
2244	87
2244	88
2244	89
2244	2140
2244	94
2244	2143
2244	100
2244	101
2244	112
2244	115
2244	116
2244	117
2244	2168
2244	2171
2244	126
2244	127
2244	133
2244	136
2244	2185
2244	138
2244	2196
2244	2210
2244	172
2244	177
2244	181
2244	2231
2244	187
2244	188
2244	2081
2244	203
2244	211
2244	214
2244	222
2244	225
2244	234
2244	239
2244	270
2244	275
2244	278
2244	314
2244	320
2244	329
2244	335
2244	343
2244	347
2244	351
2244	353
2244	355
2244	357
2244	358
2244	366
2244	371
2244	375
2244	381
2244	409
2244	414
2244	417
2244	418
2244	420
2244	423
2244	428
2244	433
2244	434
2244	436
2244	446
2244	447
2244	461
2244	464
2244	469
2244	476
2244	479
2244	497
2244	498
2244	500
2244	507
2244	509
2244	513
2244	515
2244	524
2244	529
2244	530
2244	531
2244	543
2244	559
2244	563
2244	565
2244	568
2244	576
2244	578
2244	586
2244	590
2244	591
2244	605
2244	622
2244	623
2244	624
2244	628
2244	629
2244	632
2244	633
2244	635
2244	639
2244	640
2244	650
2244	656
2244	657
2244	659
2244	667
2244	670
2244	674
2244	677
2244	681
2244	687
2244	2163
2244	699
2244	704
2244	713
2244	716
2244	717
2244	726
2244	728
2244	740
2244	747
2244	748
2244	749
2244	751
2244	753
2244	756
2244	760
2244	767
2244	772
2244	777
2244	794
2244	796
2244	799
2244	800
2244	812
2244	817
2244	819
2244	824
2244	827
2244	830
2244	834
2244	835
2244	847
2244	852
2244	859
2244	870
2244	873
2244	886
2244	895
2244	900
2244	917
2244	924
2244	929
2244	931
2244	936
2244	954
2244	958
2244	963
2244	966
2244	969
2244	986
2244	999
2244	1000
2244	1018
2244	1021
2244	1025
2244	1037
2244	1042
2244	1046
2244	1047
2244	1055
2244	1059
2244	1065
2244	1073
2244	1080
2244	1090
2244	1097
2244	1102
2244	1105
2244	1114
2244	1120
2244	1123
2244	1128
2244	1129
2244	1138
2244	1144
2244	1146
2244	1151
2244	1163
2244	1170
2244	1171
2244	1173
2244	1175
2244	1177
2244	1186
2244	1189
2244	1192
2244	1210
2244	1217
2244	1225
2244	1227
2244	1238
2244	1243
2244	1246
2244	1272
2244	1274
2244	1275
2244	1339
2244	1343
2244	1344
2244	1362
2244	1363
2244	1371
2244	1375
2244	1392
2244	1396
2244	1399
2244	1404
2244	1408
2244	1410
2244	1411
2244	1421
2244	1425
2244	1426
2244	1438
2244	1442
2244	1444
2244	1464
2244	1465
2244	1469
2244	1473
2244	1475
2244	1481
2244	1491
2244	1495
2244	1500
2244	1503
2244	1507
2244	1509
2244	1514
2244	1524
2244	1531
2244	1535
2244	1553
2244	1558
2244	1563
2244	1568
2244	1585
2244	1596
2244	1598
2244	1600
2244	1604
2244	1609
2244	1612
2244	1618
2244	1626
2244	1627
2244	1630
2244	1631
2244	1635
2244	1636
2244	1645
2244	1646
2244	1652
2244	1655
2244	1658
2244	1664
2244	1677
2244	1680
2244	1688
2244	1694
2244	1697
2244	1698
2244	1699
2244	1708
2244	1718
2244	1721
2244	1724
2244	1735
2244	1745
2244	1750
2244	1757
2244	1768
2244	1783
2244	1785
2244	1807
2244	1816
2244	1822
2244	1827
2244	1829
2244	1831
2244	1844
2244	1847
2244	1852
2244	1854
2244	1861
2244	1867
2244	1868
2244	1874
2244	1878
2244	1884
2244	1885
2244	1887
2244	1892
2244	1906
2244	1915
2244	1916
2244	1918
2244	1939
2244	1942
2244	1944
2244	1949
2244	1950
2244	1952
2244	1969
2244	1983
2244	1989
2244	1997
2244	2002
2244	2014
2244	2018
2244	2021
2244	2024
2244	2026
2244	2033
2244	2039
2244	2041
2245	1
2245	2
2245	4
2245	2054
2245	2064
2245	17
2245	20
2245	25
2245	30
2245	2084
2245	2087
2245	2089
2245	44
2245	45
2245	47
2245	2098
2245	51
2245	52
2245	2104
2245	2107
2245	63
2245	64
2245	69
2245	70
2245	2122
2245	78
2245	2127
2245	81
2245	2131
2245	90
2245	2141
2245	99
2245	2150
2245	105
2245	2156
2245	2068
2245	123
2245	2174
2245	2175
2245	128
2245	131
2245	2181
2245	2182
2245	135
2245	2191
2245	144
2245	2194
2245	152
2245	2202
2245	2204
2245	2206
2245	2208
2245	164
2245	166
2245	2215
2245	169
2245	2220
2245	2221
2245	178
2245	2229
2245	185
2245	191
2245	200
2245	205
2245	209
2245	215
2245	221
2245	230
2245	231
2245	235
2245	242
2245	247
2245	249
2245	250
2245	252
2245	255
2245	262
2245	264
2245	266
2245	268
2245	281
2245	285
2245	288
2245	290
2245	295
2245	321
2245	323
2245	336
2245	359
2245	361
2245	370
2245	377
2245	2111
2245	383
2245	395
2245	397
2245	401
2245	421
2245	432
2245	451
2245	456
2245	460
2245	473
2245	478
2245	484
2245	496
2245	503
2245	506
2245	532
2245	536
2245	538
2245	540
2245	564
2245	573
2245	577
2245	579
2245	589
2245	2147
2245	596
2245	606
2245	617
2245	625
2245	634
2245	637
2245	638
2245	647
2245	648
2245	658
2245	660
2245	672
2245	678
2245	683
2245	684
2245	694
2245	697
2245	705
2245	707
2245	711
2245	712
2245	714
2245	723
2245	730
2245	743
2245	752
2245	765
2245	776
2245	778
2245	781
2245	792
2245	806
2245	814
2245	815
2245	832
2245	836
2245	839
2245	841
2245	843
2245	844
2245	858
2245	860
2245	861
2245	869
2245	875
2245	877
2245	880
2245	888
2245	890
2245	914
2245	919
2245	927
2245	932
2245	937
2245	938
2245	947
2245	948
2245	952
2245	970
2245	984
2245	987
2245	988
2245	1003
2245	1015
2245	1017
2245	1020
2245	1028
2245	1033
2245	1035
2245	1036
2245	1040
2245	1043
2245	2217
2245	1050
2245	1052
2245	1060
2245	1068
2245	1072
2245	1077
2245	1081
2245	1083
2245	1088
2245	1089
2245	1092
2245	1093
2245	1098
2245	1101
2245	1125
2245	1127
2245	1133
2245	1135
2245	1136
2245	1140
2245	1152
2245	1153
2245	1160
2245	1162
2245	1167
2245	1172
2245	1176
2245	1183
2245	1195
2245	1199
2245	1201
2245	1204
2245	1208
2245	1220
2245	1232
2245	1237
2245	1247
2245	1252
2245	1253
2245	1256
2245	1258
2245	1262
2245	1277
2245	1291
2245	1292
2245	1309
2245	1314
2245	1320
2245	1323
2245	1324
2245	1334
2245	1335
2245	1340
2245	1341
2245	1342
2245	1368
2245	1372
2245	1386
2245	1406
2245	1412
2245	1413
2245	1416
2245	1418
2245	1434
2245	1435
2245	1436
2245	1437
2245	1445
2245	1446
2245	1449
2245	1454
2245	1456
2245	1472
2245	1484
2245	1487
2245	1490
2245	1492
2245	1498
2245	1499
2245	1504
2245	1506
2245	1511
2245	1530
2245	1534
2245	1538
2245	1540
2245	1541
2245	1544
2245	1549
2245	1556
2245	1565
2245	1579
2245	1581
2245	1582
2245	1588
2245	1591
2245	1595
2245	1599
2245	1602
2245	1611
2245	1613
2245	1623
2245	1638
2245	1641
2245	1644
2245	1650
2245	1653
2245	1654
2245	1662
2245	1666
2245	1669
2245	1670
2245	1675
2245	1679
2245	1690
2245	1696
2245	1702
2245	1714
2245	1716
2245	1725
2245	1726
2245	1730
2245	1731
2245	1743
2245	1754
2245	1767
2245	1774
2245	1776
2245	1780
2245	1784
2245	1791
2245	1792
2245	1793
2245	1797
2245	1804
2245	1810
2245	1811
2245	1830
2245	1832
2245	1841
2245	1849
2245	1851
2245	1876
2245	1879
2245	1896
2245	1898
2245	1901
2245	1903
2245	1904
2245	1905
2245	1907
2245	1927
2245	1936
2245	1938
2245	1940
2245	1948
2245	1955
2245	1956
2245	1961
2245	1964
2245	1966
2245	1972
2245	1977
2245	1981
2245	1996
2245	2007
2245	2011
2245	2023
2245	2025
2245	2028
2245	2034
2245	2045
2246	2052
2246	1029
2246	1034
2246	11
2246	19
2246	535
2246	26
2246	35
2246	36
2246	549
2246	2090
2246	555
2246	1069
2246	1071
2246	1800
2246	1587
2246	2101
2246	1590
2246	57
2246	1888
2246	580
2246	2117
2246	582
2246	1100
2246	1617
2246	83
2246	1621
2246	2135
2246	2139
2246	93
2246	608
2246	1634
2246	2151
2246	106
2246	1131
2246	113
2246	1143
2246	129
2246	1156
2246	1672
2246	137
2246	651
2246	652
2246	653
2246	2195
2246	1689
2246	668
2246	157
2246	675
2246	1700
2246	167
2246	680
2246	1705
2246	1706
2246	1710
2246	1711
2246	1815
2246	2230
2246	2233
2246	1727
2246	192
2246	195
2246	1222
2246	1740
2246	1229
2246	718
2246	1912
2246	547
2246	1752
2246	219
2246	1250
2246	227
2246	1765
2246	1773
2246	1263
2246	1264
2246	1268
2246	1782
2246	1971
2246	258
2246	771
2246	774
2246	775
2246	1288
2246	1808
2246	1303
2246	284
2246	1310
2246	289
2246	1315
2246	292
2246	293
2246	294
2246	2226
2246	1833
2246	810
2246	1835
2246	1836
2246	1837
2246	305
2246	1843
2246	312
2246	317
2246	1857
2246	322
2246	1352
2246	849
2246	1422
2246	342
2246	1367
2246	1881
2246	1376
2246	1889
2246	2211
2246	1897
2246	1393
2246	881
2246	1394
2246	1649
2246	376
2246	1914
2246	892
2246	893
2246	1921
2246	398
2246	913
2246	1428
2246	1775
2246	934
2246	935
2246	944
2246	435
2246	440
2246	244
2246	1982
2246	450
2246	452
2246	455
2246	1187
2246	2012
2246	1516
2246	494
2246	2032
2246	1704
2246	1013
2246	1014
2246	1533
2247	512
2247	750
2247	1539
2247	1366
2247	1739
2247	1023
2247	523
2247	1038
2247	15
2247	1552
2247	2136
2247	1554
2247	1555
2247	23
2247	2172
2247	2075
2247	28
2247	542
2247	31
2247	544
2247	546
2247	1571
2247	1061
2247	1574
2247	1576
2247	1578
2247	556
2247	558
2247	1629
2247	1074
2247	54
2247	55
2247	570
2247	2108
2247	61
2247	1717
2247	1547
2247	2116
2247	581
2247	1606
2247	583
2247	73
2247	74
2247	1099
2247	1637
2247	1293
2247	1929
2247	593
2247	1106
2247	2132
2247	85
2247	1112
2247	1113
2247	1115
2247	1116
2247	1117
2247	1119
2247	1869
2247	2083
2247	2146
2247	611
2247	2049
2247	613
2247	1126
2247	616
2247	618
2247	2161
2247	2162
2247	1141
2247	631
2247	124
2247	125
2247	1813
2247	2177
2247	643
2247	2184
2247	1474
2247	1169
2247	146
2247	148
2247	661
2247	662
2247	1687
2247	664
2247	2079
2247	2119
2247	1180
2247	1733
2247	161
2247	162
2247	1701
2247	1190
2247	1191
2247	2216
2247	1194
2247	2219
2247	1196
2247	2173
2247	2223
2247	1713
2247	690
2247	1203
2247	692
2247	693
2247	1719
2247	696
2247	2103
2247	186
2247	1567
2247	702
2247	1397
2247	193
2247	194
2247	715
2247	1221
2247	710
2247	201
2247	119
2247	1231
2247	721
2247	1235
2247	212
2247	1749
2247	2088
2247	1239
2247	1240
2247	729
2247	1756
2247	1109
2247	223
2247	1760
2247	738
2247	1251
2247	1610
2247	2062
2247	1233
2247	232
2247	233
2247	746
2247	1319
2247	237
2247	238
2247	1661
2247	1777
2247	754
2247	1747
2247	1737
2247	1781
2247	1271
2247	724
2247	763
2247	1789
2247	256
2247	257
2247	770
2247	773
2247	1286
2247	1799
2247	265
2247	267
2247	269
2247	899
2247	1070
2247	1963
2247	280
2247	2038
2247	1819
2247	1308
2247	287
2247	1824
2247	801
2247	1316
2247	807
2247	809
2247	1834
2247	300
2247	813
2247	302
2247	303
2247	308
2247	823
2247	1848
2247	825
2247	826
2247	1289
2247	906
2247	1855
2247	1856
2247	2022
2247	1347
2247	324
2247	1862
2247	328
2247	1932
2247	842
2247	1079
2247	744
2247	2189
2247	1872
2247	337
2247	850
2247	1875
2247	1365
2247	854
2247	855
2247	1508
2247	349
2247	350
2247	863
2247	912
2247	1378
2247	1510
2247	1382
2247	2053
2247	1387
2247	365
2247	1391
2247	369
2247	882
2247	1893
2247	885
2247	1257
2247	1401
2247	1402
2247	379
2247	380
2247	382
2247	384
2247	1890
2247	1922
2247	387
2247	1155
2247	389
2247	1415
2247	1928
2247	393
2247	394
2247	907
2247	396
2247	909
2247	910
2247	400
2247	402
2247	1326
2247	1667
2247	405
2247	406
2247	1431
2247	408
2247	1947
2247	1439
2247	1443
2247	2145
2247	1448
2247	1450
2247	1095
2247	430
2247	945
2247	1523
2247	1973
2247	951
2247	1976
2247	1566
2247	1467
2247	2080
2247	1354
2247	2037
2247	962
2247	1987
2247	1988
2247	1477
2247	1185
2247	1480
2247	1993
2247	1482
2247	971
2247	1486
2247	845
2247	2209
2247	465
2247	978
2247	979
2247	980
2247	2005
2247	1494
2247	761
2247	472
2247	1550
2247	2232
2247	989
2247	990
2247	991
2247	1779
2247	481
2247	482
2247	996
2247	486
2247	1512
2247	1532
2247	1002
2247	1518
2247	1011
2247	1525
2247	502
2247	2042
2247	1019
2247	508
2247	2165
2247	511
2248	0
2248	2050
2248	2055
2248	2056
2248	10
2248	2059
2248	2070
2248	2073
2248	2076
2248	2086
2248	43
2248	50
2248	68
2248	75
2248	2125
2248	79
2248	2129
2248	2133
2248	2138
2248	91
2248	2144
2248	97
2248	2149
2248	102
2248	2152
2248	2154
2248	111
2248	2164
2248	118
2248	120
2248	122
2248	132
2248	2187
2248	140
2248	147
2248	149
2248	153
2248	154
2248	155
2248	2207
2248	165
2248	2218
2248	171
2248	174
2248	179
2248	2228
2248	184
2248	189
2248	196
2248	198
2248	199
2248	204
2248	206
2248	208
2248	210
2248	220
2248	224
2248	245
2248	246
2248	253
2248	273
2248	277
2248	296
2248	298
2248	301
2248	307
2248	309
2248	319
2248	326
2248	327
2248	330
2248	333
2248	341
2248	344
2248	345
2248	348
2248	352
2248	362
2248	368
2248	372
2248	374
2248	385
2248	386
2248	407
2248	412
2248	413
2248	422
2248	426
2248	429
2248	438
2248	441
2248	443
2248	2123
2248	462
2248	463
2248	466
2248	471
2248	477
2248	490
2248	492
2248	499
2248	510
2248	514
2248	516
2248	521
2248	527
2248	528
2248	537
2248	548
2248	550
2248	552
2248	557
2248	560
2248	566
2248	569
2248	571
2248	585
2248	587
2248	592
2248	594
2248	597
2248	600
2248	612
2248	615
2248	626
2248	636
2248	644
2248	649
2248	654
2248	666
2248	671
2248	682
2248	688
2248	689
2248	691
2248	700
2248	701
2248	709
2248	722
2248	731
2248	734
2248	737
2248	739
2248	741
2248	742
2248	759
2248	780
2248	782
2248	785
2248	789
2248	798
2248	804
2248	811
2248	816
2248	822
2248	828
2248	829
2248	833
2248	837
2248	2188
2248	851
2248	862
2248	867
2248	868
2248	874
2248	876
2248	887
2248	891
2248	894
2248	2197
2248	897
2248	903
2248	905
2248	911
2248	916
2248	920
2248	926
2248	939
2248	941
2248	942
2248	943
2248	953
2248	973
2248	977
2248	981
2248	982
2248	983
2248	992
2248	993
2248	994
2248	998
2248	1001
2248	1004
2248	1005
2248	1006
2248	1008
2248	1010
2248	1026
2248	1031
2248	1041
2248	1045
2248	1051
2248	1056
2248	1057
2248	1062
2248	1063
2248	1066
2248	1067
2248	2227
2248	1084
2248	1086
2248	1103
2248	1107
2248	1118
2248	1121
2248	1124
2248	1130
2248	1134
2248	1137
2248	1142
2248	1145
2248	1147
2248	1149
2248	1157
2248	1164
2248	1166
2248	1178
2248	1179
2248	1184
2248	1198
2248	1202
2248	1211
2248	1214
2248	1216
2248	1218
2248	1223
2248	1241
2248	1254
2248	1259
2248	1266
2248	1267
2248	1269
2248	1270
2248	1273
2248	1279
2248	1283
2248	1287
2248	1294
2248	1298
2248	1299
2248	1300
2248	1312
2248	1322
2248	1328
2248	1330
2248	1332
2248	1333
2248	1338
2248	1348
2248	1351
2248	1353
2248	1357
2248	1358
2248	1361
2248	1364
2248	1370
2248	1377
2248	1380
2248	1381
2248	1384
2248	1388
2248	1390
2248	1403
2248	1405
2248	1414
2248	1417
2248	1420
2248	1424
2248	1427
2248	1432
2248	1433
2248	1453
2248	1457
2248	1460
2248	1462
2248	1470
2248	1479
2248	1483
2248	1489
2248	1493
2248	1496
2248	1497
2248	1502
2248	1513
2248	1517
2248	1519
2248	1536
2248	1559
2248	1560
2248	1561
2248	1564
2248	1569
2248	1570
2248	1580
2248	1592
2248	1597
2248	1605
2248	1607
2248	1615
2248	1622
2248	1624
2248	1640
2248	1648
2248	1656
2248	1663
2248	1668
2248	1671
2248	1673
2248	1682
2248	1684
2248	1685
2248	1707
2248	1712
2248	1732
2248	1734
2248	1738
2248	1744
2248	1758
2248	1762
2248	1763
2248	1769
2248	1771
2248	1772
2248	1794
2248	1795
2248	1796
2248	1801
2248	1803
2248	1805
2248	1806
2248	1812
2248	1814
2248	1820
2248	1821
2248	1823
2248	1838
2248	1860
2248	1863
2248	1864
2248	1865
2248	1870
2248	1883
2248	1886
2248	1894
2248	1899
2248	1911
2248	1919
2248	1920
2248	1930
2248	1931
2248	1934
2248	1935
2248	1943
2248	1951
2248	1957
2248	1965
2248	1967
2248	1970
2248	1974
2248	1980
2248	1986
2248	1994
2248	2008
2248	2010
2248	2016
2248	2029
2248	2031
2248	2035
2248	2043
2248	2047
2249	2048
2249	5
2249	6
2249	9
2249	2058
2249	2060
2249	13
2249	14
2249	16
2249	2065
2249	18
2249	21
2249	24
2249	2074
2249	29
2249	34
2249	38
2249	39
2249	42
2249	2092
2249	46
2249	2096
2249	49
2249	2057
2249	2105
2249	2106
2249	2114
2249	67
2249	71
2249	2130
2249	84
2249	2134
2249	92
2249	96
2249	104
2249	107
2249	108
2249	109
2249	2159
2249	2160
2249	114
2249	2166
2249	121
2249	2069
2249	2176
2249	2178
2249	134
2249	2183
2249	2186
2249	141
2249	142
2249	143
2249	2192
2249	145
2249	150
2249	151
2249	2200
2249	2201
2249	2203
2249	158
2249	159
2249	163
2249	2212
2249	2213
2249	168
2249	170
2249	175
2249	176
2249	183
2249	2234
2249	190
2249	197
2249	202
2249	2082
2249	216
2249	217
2249	218
2249	228
2249	236
2249	240
2249	248
2249	260
2249	261
2249	271
2249	272
2249	274
2249	2094
2249	279
2249	283
2249	2097
2249	297
2249	304
2249	306
2249	310
2249	313
2249	315
2249	316
2249	318
2249	331
2249	334
2249	338
2249	339
2249	346
2249	354
2249	356
2249	360
2249	367
2249	378
2249	388
2249	391
2249	392
2249	399
2249	2115
2249	404
2249	425
2249	442
2249	445
2249	453
2249	457
2249	470
2249	474
2249	483
2249	485
2249	487
2249	489
2249	491
2249	504
2249	505
2249	517
2249	518
2249	520
2249	522
2249	525
2249	533
2249	539
2249	551
2249	553
2249	554
2249	561
2249	562
2249	574
2249	575
2249	584
2249	595
2249	599
2249	601
2249	604
2249	609
2249	610
2249	641
2249	642
2249	2155
2249	645
2249	2157
2249	663
2249	669
2249	679
2249	686
2249	695
2249	703
2249	725
2249	2169
2249	732
2249	733
2249	736
2249	745
2249	755
2249	757
2249	758
2249	762
2249	783
2249	784
2249	786
2249	787
2249	788
2249	790
2249	793
2249	795
2249	797
2249	805
2249	808
2249	820
2249	821
2249	831
2249	838
2249	840
2249	848
2249	856
2249	871
2249	872
2249	879
2249	898
2249	901
2249	902
2249	904
2249	908
2249	918
2249	921
2249	923
2249	930
2249	933
2249	940
2249	946
2249	950
2249	957
2249	959
2249	960
2249	961
2249	964
2249	965
2249	975
2249	976
2249	2066
2249	1007
2249	1009
2249	1012
2249	1016
2249	1024
2249	1027
2249	1032
2249	1053
2249	1054
2249	2224
2249	1064
2249	1082
2249	1085
2249	1091
2249	1094
2249	1104
2249	1108
2249	1110
2249	1122
2249	1132
2249	1139
2249	1148
2249	1154
2249	1158
2249	1161
2249	1168
2249	1181
2249	1182
2249	1188
2249	1207
2249	1213
2249	1215
2249	1224
2249	1228
2249	1242
2249	1244
2249	1245
2249	1248
2249	1249
2249	1261
2249	1265
2249	1276
2249	1278
2249	1282
2249	1290
2249	1295
2249	1297
2249	1301
2249	1302
2249	1306
2249	1313
2249	1331
2249	1337
2249	1345
2249	1346
2249	1349
2249	1350
2249	1355
2249	1356
2249	1359
2249	1360
2249	1369
2249	1374
2249	1383
2249	1385
2249	1395
2249	1398
2249	1419
2249	1441
2249	1451
2249	1452
2249	1458
2249	1459
2249	1463
2249	1466
2249	1468
2249	1476
2249	1478
2249	1501
2249	1505
2249	1515
2249	1521
2249	1527
2249	1528
2249	1545
2249	1546
2249	1548
2249	1557
2249	1562
2249	1572
2249	1575
2249	1601
2249	1608
2249	1614
2249	1616
2249	1620
2249	1625
2249	1628
2249	1632
2249	1633
2249	1642
2249	1647
2249	1651
2249	1678
2249	1683
2249	1692
2249	1703
2249	1720
2249	1722
2249	1723
2249	1729
2249	1736
2249	1742
2249	1746
2249	1748
2249	1761
2249	1766
2249	1770
2249	1786
2249	1787
2249	1788
2249	1798
2249	1809
2249	1817
2249	1825
2249	1828
2249	1839
2249	1842
2249	1845
2249	1846
2249	1850
2249	1853
2249	1866
2249	1873
2249	1891
2249	1902
2249	1908
2249	1910
2249	1917
2249	1925
2249	1926
2249	1933
2249	1937
2249	1941
2249	1945
2249	1954
2249	1958
2249	1959
2249	1960
2249	1962
2249	1979
2249	1985
2249	1991
2249	1992
2249	1998
2249	2000
2249	2004
2249	2009
2249	2015
2249	2017
2249	2027
2249	2030
2249	2036
2249	2040
2250	449
2250	802
2250	883
2250	1281
2250	967
2251	2240
2251	2241
2251	2242
2251	2243
2251	2244
2251	2245
2251	2246
2251	2247
2251	2248
2251	2249
2251	2250
2251	2235
2251	2236
2251	2237
2251	2238
2251	2239
