0	2009
1	2007
2	2006
3	2007
4	2005
5	2005
6	2009
7	2006
8	2007
9	2008
10	2008
11	2008
12	2006
13	2005
14	2006
15	2005
16	2008
17	2009
18	2007
19	2008
20	2007
21	2007
22	0
23	0
24	2005
25	2008
26	0
27	2006
28	2008
29	2009
30	2009
31	2008
32	2007
33	2007
34	2005
35	2009
36	2006
37	2008
38	2009
39	2005
40	2007
41	2008
42	2009
43	2007
44	2006
45	2009
46	2007
47	2007
48	2007
49	2007
50	2007
51	2006
52	2009
53	0
54	2009
55	2008
56	2006
57	2009
58	2007
59	0
60	2007
61	2008
62	2005
63	2006
64	2007
65	2007
66	2008
67	2009
68	2006
69	2009
70	2007
71	2007
72	2004
73	2007
74	2007
75	2009
76	2006
77	2004
78	2007
79	2006
80	2008
81	2009
82	2005
83	1969
84	2006
85	2007
86	2007
87	2006
88	2008
89	2005
90	2005
91	2006
92	2004
93	0
94	2007
95	2006
96	2009
97	0
98	2009
99	0
100	2006
101	2008
102	2008
103	2007
104	0
105	2008
106	2006
107	2009
108	2004
109	2008
110	2008
111	2006
112	2008
113	0
114	2009
115	2008
116	2008
117	2009
118	2008
119	2007
120	2009
121	2006
122	2009
123	2006
124	2008
125	0
126	2007
127	2009
128	0
129	2005
130	2006
131	2002
132	2005
133	2004
134	2006
135	2006
136	2006
137	2008
138	2005
139	2005
140	2008
141	2007
142	2006
143	2009
144	2009
145	2008
146	2005
147	2006
148	2005
149	2009
150	2009
151	2004
152	2009
153	2005
154	2006
155	2005
156	2006
157	2009
158	2007
159	2005
160	2007
161	2006
162	2005
163	2009
164	0
165	2008
166	2009
167	2009
168	2004
169	0
170	2009
171	2007
172	2007
173	2005
174	2008
175	2007
176	2008
177	2009
178	2009
179	2007
180	0
181	2009
182	2006
183	2004
184	2009
185	0
186	2005
187	2007
188	2008
189	2005
190	2008
191	2007
192	2007
193	2004
194	2009
195	2006
196	2005
197	2009
198	0
199	2008
200	2008
201	2008
202	2003
203	2008
204	2009
205	2003
206	0
207	2004
208	2005
209	2007
210	2005
211	2007
212	2008
213	2008
214	2006
215	2006
216	2005
217	2009
218	2009
219	2005
220	2006
221	2009
222	2006
223	2005
224	0
225	2005
226	2006
227	2008
228	2009
229	0
230	2009
231	2005
232	2008
233	2006
234	2008
235	2006
236	2003
237	2006
238	2008
239	2005
240	2008
241	2008
242	2009
243	2007
244	2007
245	2007
246	2008
247	0
248	2003
249	2006
250	2006
251	2006
252	0
253	2007
254	2008
255	2005
256	2004
257	2008
258	2006
259	2006
260	0
261	2009
262	2005
263	2006
264	2007
265	2008
266	2009
267	2006
268	2005
269	2006
270	2005
271	2009
272	2008
273	2008
274	2007
275	0
276	2006
277	2009
278	2006
279	2005
280	2006
281	2007
282	2007
283	2005
284	2006
285	0
286	2008
287	2000
288	2007
289	2006
290	2004
291	0
292	2009
293	2004
294	2004
295	0
296	2004
297	2009
298	2005
299	2006
300	2007
301	2007
302	2009
303	2008
304	2007
305	2005
306	2008
307	2009
308	2005
309	2009
310	2005
311	2008
312	2008
313	2007
314	2005
315	2006
316	2007
317	2007
318	2007
319	2005
320	2007
321	2005
322	2006
323	2006
324	0
325	2008
326	2008
327	2008
328	2009
329	2008
330	2006
331	2008
332	2007
333	2009
334	2006
335	2005
336	2009
337	2009
338	2007
339	2009
340	2009
341	2005
342	2007
343	2008
344	2007
345	2005
346	2006
347	2008
348	2007
349	2009
350	2007
351	2008
352	0
353	2008
354	2007
355	2005
356	2008
357	2009
358	2005
359	2008
360	2005
361	2006
362	2008
363	2005
364	2008
365	2007
366	2007
367	2009
368	0
369	2008
370	2008
371	2009
372	2008
373	2005
374	2006
375	2008
376	2007
377	2009
378	2009
379	2007
380	2006
381	2008
382	2007
383	2007
384	2009
385	2006
386	2007
387	2008
388	2005
389	2007
390	2006
391	2004
392	2007
393	2009
394	2009
395	2006
396	2005
397	2007
398	2009
399	2007
400	2009
401	2008
402	2009
403	2007
404	2008
405	2006
406	2006
407	2008
408	2008
409	2006
410	2005
411	0
412	2004
413	2006
414	2006
415	2008
416	2006
417	2006
418	2007
419	2008
420	2009
421	2006
422	2005
423	2007
424	2009
425	2006
426	2005
427	2004
428	2009
429	2007
430	2008
431	2005
432	2005
433	2008
434	2008
435	2007
436	2009
437	2007
438	2007
439	2007
440	0
441	2008
442	2006
443	0
444	2007
445	2007
446	2008
447	2005
448	2009
449	2007
450	2008
451	2009
452	2008
453	2005
454	2005
455	2008
456	2004
457	2009
458	2008
459	2006
460	2008
461	2005
462	2005
463	2006
464	0
465	2008
466	2004
467	2006
468	2007
469	2004
470	2007
471	0
472	2008
473	2006
474	2009
475	2004
476	2007
477	0
478	2008
479	2007
480	2007
481	2008
482	2006
483	2009
484	2008
485	2009
486	2009
487	2006
488	2009
489	2009
490	0
491	2008
492	2008
493	0
494	2007
495	2009
496	2007
497	2006
498	2008
499	2006
500	2006
501	2006
502	2008
503	2004
504	2007
505	2008
506	2008
507	2009
508	2009
509	2008
510	2008
511	2008
512	2006
513	2006
514	2006
515	2005
516	2008
517	2005
518	2007
519	2006
520	2008
521	2006
522	2005
523	2008
524	2004
525	2006
526	0
527	2004
528	2006
529	0
530	2006
531	2006
532	2008
533	2005
534	2005
535	2008
536	0
537	0
538	2008
539	2004
540	2006
541	0
542	0
543	2004
544	2006
545	0
546	2008
547	2007
548	2007
549	2006
550	2006
551	2005
552	2009
553	2007
554	2008
555	2008
556	2004
557	2006
558	2006
559	2008
560	2009
561	2009
562	2008
563	2004
564	2008
565	2008
566	2003
567	2006
568	2004
569	2008
570	2007
571	2005
572	2004
573	2009
574	2009
575	2006
576	2007
577	2006
578	2008
579	2006
580	2005
581	2006
582	2009
583	2009
584	2006
585	2008
586	2006
587	2006
588	2007
589	2007
590	2006
591	2006
592	2008
593	2005
594	2004
595	2009
596	2008
597	2003
598	2009
599	2007
600	2009
601	2004
602	2006
603	2005
604	2008
605	0
606	2008
607	2005
608	0
609	2004
610	2006
611	2006
612	2009
613	2006
614	0
615	0
616	2008
617	2004
618	2009
619	2005
620	2008
621	2009
622	2009
623	2006
624	2008
625	2009
626	2009
627	2009
628	2009
629	2007
630	2008
631	2007
632	2007
633	2007
634	2009
635	2004
636	2005
637	2007
638	0
639	2006
640	2005
641	2005
642	2007
643	2008
644	2005
645	2005
646	2009
647	2007
648	2008
649	2008
650	2009
651	2004
652	2006
653	2009
654	2007
655	2007
656	2006
657	2009
658	2008
659	2005
660	2007
661	2008
662	2005
663	2006
664	2009
665	2006
666	2004
667	2008
668	2005
669	2004
670	2005
671	2009
672	2005
673	2006
674	2007
675	2005
676	2005
677	2007
678	2009
679	2008
680	2009
681	2006
682	2005
683	2008
684	2005
685	2005
686	2008
687	2007
688	2008
689	2008
690	2008
691	2008
692	2008
693	2008
694	2007
695	2006
696	2009
697	2009
698	2008
699	0
700	2009
701	2005
702	2005
703	2008
704	2008
705	2006
706	0
707	0
708	2006
709	2007
710	2006
711	2005
712	2006
713	2009
714	2007
715	2006
716	2003
717	2009
718	2008
719	2004
720	2001
721	2006
722	2008
723	2005
724	2006
725	2008
726	2007
727	0
728	2008
729	2006
730	2007
731	2003
732	2006
733	2005
734	2005
735	2006
736	2008
737	2005
738	2006
739	0
740	2009
741	2007
742	0
743	2006
744	2006
745	2009
746	2006
747	2007
748	2006
749	2009
750	2005
751	2006
752	2008
753	2005
754	2006
755	2007
756	2006
757	2009
758	2008
759	2006
760	2006
761	0
762	2007
763	2007
764	2007
765	2006
766	0
767	2006
768	2005
769	1998
770	0
771	2009
772	2007
773	2005
774	2004
775	2008
776	2006
777	2008
778	2007
779	0
780	0
781	2008
782	2006
783	2009
784	2004
785	2006
786	2008
787	2008
788	2008
789	0
790	2009
791	2007
792	2007
793	2005
794	2008
795	2009
796	0
797	2008
798	2008
799	2009
800	2006
801	2005
802	2008
803	2008
804	2006
805	2005
806	2009
807	2008
808	2007
809	2004
810	2006
811	2007
812	2006
813	2006
814	2006
815	2005
816	2007
817	2009
818	2007
819	2005
820	2010
821	2007
822	2005
823	2005
824	2008
825	0
826	2005
827	2006
828	2009
829	2008
830	2008
831	2006
832	2007
833	2008
834	2009
835	2005
836	2007
837	2007
838	2009
839	2006
840	2005
841	2007
842	2009
843	2007
844	2009
845	2004
846	2005
847	2001
848	2006
849	2005
850	2007
851	2008
852	2007
853	2005
854	2009
855	2007
856	2009
857	2009
858	2005
859	2009
860	2008
861	2006
862	2008
863	2008
864	2006
865	2006
866	0
867	2009
868	2006
869	2006
870	2009
871	2007
872	2006
873	2006
874	2006
875	2006
876	2007
877	2008
878	2006
879	2006
880	2005
881	2007
882	2009
883	2008
884	2007
885	0
886	2007
887	0
888	2006
889	2009
890	2008
891	2009
892	2006
893	2007
894	2007
895	2009
896	2005
897	0
898	2007
899	2009
900	2008
901	2008
902	2005
903	2005
904	2008
905	2009
906	2007
907	2007
908	2005
909	2008
910	2005
911	2009
912	2003
913	2005
914	2009
915	2005
916	2005
917	2005
918	2006
919	2006
920	2007
921	2009
922	2007
923	2008
924	2008
925	2009
926	2005
927	2004
928	2008
929	2009
930	2005
931	2007
932	2006
933	2009
934	2005
935	2005
936	2005
937	2008
938	0
939	2006
940	2009
941	0
942	2007
943	0
944	2006
945	2005
946	2009
947	2007
948	2007
949	2007
950	2007
951	2008
952	2006
953	2007
954	2006
955	0
956	2006
957	2009
958	2007
959	2008
960	2008
961	2004
962	2009
963	2006
964	2009
965	2007
966	0
967	2009
968	2005
969	2005
970	2007
971	0
972	2006
973	2009
974	2009
975	2006
976	2005
977	2006
978	2008
979	2009
980	2007
981	2007
982	2005
983	2008
984	2006
985	2003
986	2005
987	2009
988	2005
989	2009
990	2004
991	2008
992	2006
993	2008
994	0
995	2009
996	2007
997	2007
998	2006
999	2009
1000	0
1001	2008
1002	0
1003	2005
1004	2005
1005	2007
1006	2007
1007	0
1008	2008
1009	2008
1010	2008
1011	2005
1012	0
1013	2008
1014	0
1015	2008
1016	2007
1017	1996
1018	2009
1019	2007
1020	2007
1021	2005
1022	2008
1023	2007
1024	2007
1025	2009
1026	2009
1027	2008
1028	2009
1029	2007
1030	2008
1031	2006
1032	0
1033	2009
1034	2009
1035	2007
1036	2006
1037	2005
1038	2006
1039	2005
1040	2004
1041	2002
1042	2008
1043	2006
1044	2006
1045	2008
1046	2008
1047	2009
1048	2004
1049	2005
1050	2006
1051	2006
1052	2009
1053	2008
1054	2007
1055	2006
1056	2008
1057	2006
1058	2006
1059	2008
1060	1999
1061	0
1062	2006
1063	2006
1064	2006
1065	2007
1066	2009
1067	2007
1068	2008
1069	2007
1070	2006
1071	2006
1072	2008
1073	2005
1074	2005
1075	2008
1076	2007
1077	2009
1078	2005
1079	2006
1080	2008
1081	2009
1082	2009
1083	2007
1084	2009
1085	2007
1086	2008
1087	2006
1088	2002
1089	2009
1090	0
1091	2008
1092	2007
1093	2008
1094	2006
1095	2008
1096	2006
1097	2007
1098	2004
1099	2006
1100	2009
1101	2009
1102	2008
1103	2007
1104	2008
1105	2006
1106	2005
1107	2004
1108	2009
1109	2008
1110	2009
1111	2008
1112	2006
1113	2005
1114	2005
1115	2009
1116	2010
1117	2007
1118	2006
1119	2006
1120	2010
1121	2005
1122	2005
1123	2007
1124	2009
1125	2006
1126	2005
1127	2009
1128	2006
1129	2005
1130	2008
1131	2008
1132	2009
1133	2006
1134	2008
1135	2009
1136	0
1137	2006
1138	0
1139	0
1140	2008
1141	2008
1142	2009
1143	2007
1144	2007
1145	2007
1146	0
1147	2009
1148	2006
1149	2004
1150	2007
1151	2007
1152	2007
1153	2006
1154	2004
1155	2009
1156	2006
1157	2005
1158	2009
1159	2005
1160	2007
1161	2008
1162	2006
1163	2004
1164	2006
1165	2006
1166	2004
1167	2006
1168	2006
1169	2006
1170	2008
1171	2006
1172	2006
1173	2007
1174	0
1175	2008
1176	2005
1177	2005
1178	2008
1179	2009
1180	2009
1181	2008
1182	2007
1183	2009
1184	2009
1185	2006
1186	2008
1187	2006
1188	2009
1189	2005
1190	2005
1191	2009
1192	2006
1193	2009
1194	2005
1195	2008
1196	2009
1197	2007
1198	2009
1199	2008
1200	2009
1201	2008
1202	2005
1203	2009
1204	2007
1205	2006
1206	2008
1207	0
1208	2009
1209	2006
1210	2009
1211	2008
1212	2007
1213	2008
1214	2009
1215	2007
1216	2006
1217	2008
1218	0
1219	2006
1220	2005
1221	2005
1222	2005
1223	2008
1224	2010
1225	2006
1226	2006
1227	2009
1228	2009
1229	2007
1230	2002
1231	2009
1232	2009
1233	2005
1234	2006
1235	2006
1236	2009
1237	2005
1238	2009
1239	2006
1240	2009
1241	2009
1242	2008
1243	2007
1244	2009
1245	2006
1246	2005
1247	2008
1248	2007
1249	2009
1250	2006
1251	2007
1252	2008
1253	2008
1254	2008
1255	2008
1256	2009
1257	2005
1258	2009
1259	2005
1260	2008
1261	2005
1262	0
1263	2008
1264	2009
1265	2003
1266	2006
1267	2009
1268	2005
1269	2005
1270	2008
1271	2007
1272	2008
1273	2009
1274	2006
1275	2007
1276	2008
1277	2006
1278	2004
1279	2009
1280	2005
1281	2005
1282	2008
1283	2007
1284	2006
1285	2009
1286	2007
1287	2009
1288	2009
1289	2005
1290	2007
1291	2009
1292	0
1293	2007
1294	2009
1295	0
1296	2009
1297	2007
1298	2007
1299	2008
1300	2006
1301	2005
1302	2007
1303	0
1304	2007
1305	2007
1306	2006
1307	2009
1308	2009
1309	2006
1310	2008
1311	2007
1312	2006
1313	2008
1314	2009
1315	2009
1316	2006
1317	2009
1318	0
1319	2005
1320	2009
1321	2009
1322	2007
1323	2004
1324	2008
1325	2005
1326	2007
1327	2005
1328	2005
1329	2005
1330	2006
1331	2008
1332	2008
1333	2008
1334	2008
1335	2005
1336	2007
1337	2007
1338	2006
1339	2009
1340	2005
1341	2006
1342	2008
1343	2009
1344	2006
1345	2005
1346	2007
1347	2009
1348	2008
1349	2008
1350	2009
1351	2009
1352	2009
1353	2007
1354	2004
1355	2005
1356	2007
1357	2008
1358	2008
1359	2005
1360	2008
1361	2003
1362	2007
1363	2008
1364	0
1365	2007
1366	2009
1367	2007
1368	2002
1369	2006
1370	2005
1371	2009
1372	2008
1373	2006
1374	2008
1375	2009
1376	2007
1377	2009
1378	2006
1379	2007
1380	2009
1381	2007
1382	2009
1383	2009
1384	2006
1385	2006
1386	2008
1387	2009
1388	2005
1389	2008
1390	2002
1391	2005
1392	2009
1393	2008
1394	2007
1395	2006
1396	2009
1397	2008
1398	2006
1399	2008
1400	2007
1401	2005
1402	2005
1403	2009
1404	2007
1405	2007
1406	2008
1407	2007
1408	0
1409	2009
1410	2005
1411	2008
1412	0
1413	2009
1414	2005
1415	2009
1416	2005
1417	2005
1418	2009
1419	2006
1420	0
1421	2008
1422	0
1423	2000
1424	2006
1425	2008
1426	2006
1427	0
1428	2008
1429	2006
1430	2008
1431	2007
1432	2009
1433	2007
1434	2007
1435	2008
1436	2007
1437	2009
1438	2008
1439	2005
1440	2006
1441	2007
1442	2009
1443	2005
1444	2008
1445	2005
1446	2009
1447	2006
1448	2008
1449	2007
1450	2008
1451	2007
1452	2005
1453	2009
1454	2009
1455	0
1456	0
1457	0
1458	2008
1459	2007
1460	2006
1461	2007
1462	2009
1463	2004
1464	0
1465	2005
1466	2004
1467	2008
1468	2007
1469	2009
1470	2008
1471	2008
1472	2006
1473	2009
1474	0
1475	2006
1476	2007
1477	2009
1478	2009
1479	2003
1480	2006
1481	2008
1482	0
1483	2005
1484	2008
1485	2005
1486	2006
1487	2009
1488	2008
1489	2007
1490	2008
1491	2006
1492	2007
1493	2008
1494	2007
1495	0
1496	2005
1497	2005
1498	2006
1499	2009
1500	2007
1501	2005
1502	2005
1503	2006
1504	2005
1505	0
1506	2006
1507	2009
1508	2009
1509	2007
1510	2009
1511	2004
1512	0
1513	2005
1514	2008
1515	2007
1516	2005
1517	0
1518	2006
1519	0
1520	0
1521	2005
1522	2007
1523	2009
1524	2006
1525	2010
1526	2009
1527	0
1528	2009
1529	2006
1530	2003
1531	2005
1532	2007
1533	2009
1534	2006
1535	2009
1536	2005
1537	2009
1538	2005
1539	2007
1540	2005
1541	2005
1542	2005
1543	2008
1544	2009
1545	2007
1546	2007
1547	2006
1548	2007
1549	2008
1550	2004
1551	2008
1552	2009
1553	2009
1554	2009
1555	2005
1556	2009
1557	2004
1558	2006
1559	2006
1560	2008
1561	2007
1562	2007
1563	2005
1564	2008
1565	2006
1566	2008
1567	2008
1568	2007
1569	2005
1570	0
1571	2008
1572	2007
1573	2007
1574	2006
1575	2009
1576	2006
1577	2008
1578	2004
1579	2005
1580	2008
1581	2008
1582	2006
1583	2009
1584	2006
1585	2006
1586	2009
1587	2007
1588	2005
1589	2008
1590	2009
1591	2006
1592	2009
1593	2009
1594	2009
1595	2008
1596	2006
1597	2009
1598	2009
1599	2007
1600	2008
1601	2007
1602	2004
1603	2009
1604	2008
1605	2009
1606	0
1607	2008
1608	2006
1609	2009
1610	2004
1611	2009
1612	2005
1613	2008
1614	2009
1615	2008
1616	2008
1617	2009
1618	2009
1619	2008
1620	2006
1621	2006
1622	2007
1623	2009
1624	2008
1625	2005
1626	2006
1627	2005
1628	0
1629	2007
1630	2004
1631	2005
1632	0
1633	2005
1634	2007
1635	2005
1636	2007
1637	2009
1638	2006
1639	2008
1640	2006
1641	2007
1642	0
1643	2007
1644	2004
1645	2003
1646	2008
1647	2008
1648	2009
1649	2007
1650	2006
1651	2007
1652	2009
1653	2009
1654	2007
1655	2002
1656	2008
1657	2009
1658	0
1659	2005
1660	2007
1661	0
1662	2009
1663	2009
1664	2006
1665	2007
1666	2009
1667	2009
1668	2006
1669	2004
1670	2006
1671	2008
1672	2006
1673	2008
1674	0
1675	2008
1676	2006
1677	2007
1678	2005
1679	2009
1680	2008
1681	0
1682	2006
1683	2009
1684	0
1685	2008
1686	2008
1687	2009
1688	2004
1689	2004
1690	2006
1691	2008
1692	2009
1693	0
1694	2008
1695	2009
1696	2009
1697	2009
1698	2007
1699	2002
1700	2008
1701	2007
1702	2005
1703	2008
1704	2005
1705	2006
1706	2009
1707	2006
1708	2004
1709	2006
1710	2008
1711	2009
1712	2009
1713	2009
1714	0
1715	2009
1716	2006
1717	2008
1718	2006
1719	2007
1720	2008
1721	2009
1722	2009
1723	2009
1724	2006
1725	2005
1726	2009
1727	2006
1728	2007
1729	2006
1730	2009
1731	2005
1732	2009
1733	2007
1734	2009
1735	2007
1736	2008
1737	2009
1738	2006
1739	2006
1740	2009
1741	2004
1742	0
1743	2005
1744	2007
1745	2007
1746	2006
1747	2006
1748	2009
1749	2004
1750	0
1751	2004
1752	2005
1753	2006
1754	2006
1755	2008
1756	2007
1757	2009
1758	2009
1759	2009
1760	2009
1761	2007
1762	2005
1763	0
1764	2008
1765	0
1766	2006
1767	2002
1768	2007
1769	2008
1770	2008
1771	0
1772	2007
1773	2005
1774	2009
1775	2005
1776	2004
1777	2006
1778	2005
1779	2008
1780	2007
1781	2008
1782	2008
1783	2007
1784	2006
1785	2005
1786	2006
1787	2007
1788	2005
1789	2004
1790	2005
1791	2007
1792	2009
1793	2006
1794	2007
1795	2009
1796	2007
1797	2007
1798	2009
1799	2006
1800	2005
1801	2009
1802	2009
1803	2008
1804	0
1805	2008
1806	2007
1807	2007
1808	2007
1809	0
1810	2005
1811	2007
1812	0
1813	2008
1814	2007
1815	2006
1816	0
1817	2009
1818	2008
1819	2007
1820	2009
1821	2009
1822	2005
1823	2008
1824	2007
1825	2008
1826	2006
1827	2009
1828	2004
1829	2008
1830	2007
1831	2009
1832	2004
1833	2009
1834	2008
1835	2008
1836	2006
1837	2006
1838	2003
1839	2009
1840	2006
1841	2008
1842	2008
1843	2006
1844	2006
1845	2006
1846	2008
1847	2009
1848	2009
1849	2007
1850	2006
1851	2008
1852	2005
1853	2008
1854	2006
1855	2005
1856	2009
1857	2002
1858	2006
1859	2007
1860	2006
1861	2006
1862	2009
1863	2009
1864	2008
1865	2006
1866	2009
1867	2006
1868	0
1869	2008
1870	2008
1871	2006
1872	0
1873	2005
1874	2007
1875	2007
1876	2009
1877	2004
1878	0
1879	2005
1880	2006
1881	2007
1882	2004
1883	2006
1884	2008
1885	0
1886	2004
1887	2008
1888	0
1889	2006
1890	2009
1891	2008
1892	2005
1893	2009
1894	0
1895	2007
1896	2007
1897	2008
1898	0
1899	2009
1900	2007
1901	2008
1902	2006
1903	2009
1904	2005
1905	2005
1906	2009
1907	2008
1908	2008
1909	2006
1910	2005
1911	2008
1912	2005
1913	2008
1914	2007
1915	2009
1916	2008
1917	2006
1918	2006
1919	2008
1920	2008
1921	2008
1922	2006
1923	2008
1924	0
1925	0
1926	2004
1927	2005
1928	2006
1929	2006
1930	0
1931	2009
1932	2005
1933	2008
1934	2009
1935	2009
1936	0
1937	2005
1938	2009
1939	2009
1940	2007
1941	2006
1942	0
1943	0
1944	2009
1945	2005
1946	0
1947	2005
1948	2009
1949	2007
1950	2008
1951	2007
1952	2006
1953	2009
1954	2007
1955	2007
1956	0
1957	2008
1958	2006
1959	2007
1960	2008
1961	0
1962	2006
1963	2006
1964	2008
1965	2007
1966	2006
1967	2008
1968	2006
1969	2004
1970	2007
1971	2009
1972	2007
1973	2009
1974	0
1975	2007
1976	2008
1977	0
1978	2008
1979	2009
1980	2007
1981	2008
1982	2009
1983	0
1984	2005
1985	2005
1986	2009
1987	2006
1988	2007
1989	2008
1990	0
1991	2004
1992	2006
1993	2005
1994	2008
1995	2006
1996	2007
1997	0
1998	0
1999	2008
2000	2008
2001	0
2002	2009
2003	2009
2004	2008
2005	2009
2006	2008
2007	2009
2008	2005
2009	2006
2010	2009
2011	0
2012	2009
2013	2005
2014	2008
2015	2005
2016	2004
2017	2006
2018	2003
2019	2009
2020	2008
2021	2009
2022	2008
2023	0
2024	2006
2025	2008
2026	2005
2027	2009
2028	2005
2029	2009
2030	2008
2031	2008
2032	2005
2033	2003
2034	2004
2035	2008
2036	2007
2037	0
2038	2007
2039	0
2040	0
2041	2007
2042	2009
2043	2004
2044	2006
2045	2009
2046	2008
2047	2006
2048	2004
2049	2005
2050	2006
2051	0
2052	2008
2053	2009
2054	2009
2055	2003
2056	2007
2057	2007
2058	2004
2059	2008
2060	2008
2061	2008
2062	2009
2063	2008
2064	2006
2065	2009
2066	2008
2067	0
2068	2005
2069	0
2070	2007
2071	2007
2072	2006
2073	0
2074	2008
2075	2008
2076	2008
2077	2007
2078	2009
2079	2008
2080	2007
2081	2009
2082	2005
2083	2008
2084	2007
2085	2006
2086	0
2087	0
2088	2005
2089	2006
2090	2006
2091	0
2092	2009
2093	2003
2094	2008
2095	2005
2096	2002
2097	2007
2098	2006
2099	2004
2100	2009
2101	2006
2102	2007
2103	2009
2104	2006
2105	2008
2106	2006
2107	2005
2108	2009
2109	2007
2110	2004
2111	0
2112	2007
2113	0
2114	2006
2115	2009
2116	2007
2117	2008
2118	2006
2119	2006
2120	2009
2121	2007
2122	0
2123	2006
2124	2008
2125	2006
2126	2006
2127	2006
2128	2004
2129	2007
2130	2006
2131	2007
2132	2001
2133	2008
2134	2006
2135	0
2136	2004
2137	2008
2138	2009
2139	2005
2140	2005
2141	2008
2142	0
2143	2009
2144	2008
2145	2008
2146	2007
2147	0
2148	2008
2149	0
2150	2007
2151	2004
2152	2006
2153	2009
2154	2009
2155	2007
2156	2009
2157	2007
2158	2004
2159	2008
2160	2005
2161	2006
2162	0
2163	2006
2164	0
2165	2008
2166	2009
2167	2007
2168	2006
2169	2007
2170	0
2171	2004
2172	0
2173	2005
2174	2009
2175	2006
2176	2007
2177	2006
2178	2006
2179	2009
2180	2004
2181	2004
2182	0
2183	2005
2184	2005
2185	2006
2186	2006
2187	2006
2188	2008
2189	2009
2190	2004
2191	2005
2192	2008
2193	2008
2194	2006
2195	0
2196	2008
2197	2007
2198	2007
2199	2008
2200	2009
2201	2007
2202	2004
2203	0
2204	2005
2205	2007
2206	0
2207	2006
2208	0
2209	2007
2210	2008
2211	2008
2212	0
2213	2005
2214	2007
2215	2008
2216	2005
2217	0
2218	2009
2219	2009
2220	2004
2221	2007
2222	2006
2223	2004
2224	2006
2225	0
2226	2007
2227	0
2228	2007
2229	2008
2230	2005
2231	2009
2232	2007
2233	2005
2234	2008
2235	2007
2236	2005
2237	2005
2238	2006
2239	0
2240	2009
2241	2006
2242	2008
2243	2006
2244	2009
2245	2008
2246	2006
2247	2008
2248	2007
2249	2007
2250	2006
2251	0
2252	2008
2253	2008
2254	2009
2255	2006
2256	2006
2257	2009
2258	2004
2259	2006
2260	2007
2261	2006
2262	2006
2263	2004
2264	2007
2265	2006
2266	2007
2267	2004
2268	2004
2269	2007
2270	0
2271	2004
2272	2005
2273	2008
2274	2008
2275	2006
2276	2008
2277	2005
2278	2005
2279	2009
2280	2005
2281	2006
2282	2006
2283	0
2284	2009
2285	2008
2286	2007
2287	0
2288	2009
2289	2004
2290	2004
2291	2003
2292	2009
2293	2005
2294	2009
2295	2009
2296	2008
2297	2008
2298	2009
2299	2006
2300	2004
2301	0
2302	2006
2303	2009
2304	2007
2305	2007
2306	2008
2307	2008
2308	2007
2309	2006
2310	2008
2311	2008
2312	2007
2313	2008
