0	2008
1	2007
2	2007
3	2006
4	2007
5	2009
6	2009
7	2006
8	0
9	2009
10	2008
11	2004
12	2006
13	2009
14	2009
15	2005
16	2009
17	2007
18	2009
19	2004
20	2007
21	2009
22	2006
23	2005
24	2009
25	2007
26	2004
27	2006
28	2005
29	2009
30	2007
31	2005
32	2006
33	2006
34	2009
35	2004
36	2004
37	2006
38	2009
39	2009
40	0
41	0
42	2009
43	2008
44	2007
45	2007
46	2009
47	2007
48	0
49	2009
50	2008
51	2007
52	2007
53	0
54	2005
55	2005
56	0
57	2004
58	2006
59	2006
60	2006
61	2005
62	2006
63	2007
64	2007
65	2003
66	2006
67	2009
68	2008
69	2007
70	2007
71	2009
72	0
73	2005
74	2005
75	2008
76	2006
77	2006
78	2007
79	2008
80	2006
81	2007
82	2006
83	2004
84	2009
85	2005
86	0
87	2006
88	2006
89	2006
90	2007
91	2008
92	2009
93	2004
94	2006
95	0
96	2009
97	2008
98	0
99	2007
100	2006
101	2006
102	2008
103	2003
104	2009
105	2007
106	2004
107	2009
108	2009
109	2009
110	0
111	2008
112	2006
113	2004
114	2009
115	2006
116	2006
117	2006
118	2008
119	2005
120	2008
121	2009
122	2008
123	2007
124	2005
125	2005
126	2006
127	2006
128	2007
129	2004
130	0
131	2007
132	2008
133	2006
134	2009
135	2007
136	2006
137	2004
138	2006
139	2002
140	2008
141	2009
142	2009
143	2009
144	2007
145	2009
146	2005
147	2008
148	2005
149	2008
150	2009
151	2009
152	2007
153	2008
154	2008
155	2008
156	2002
157	2004
158	2009
159	2009
160	2002
161	2005
162	2005
163	2009
164	2007
165	2008
166	2007
167	2004
168	2009
169	2007
170	2009
171	2008
172	2006
173	2001
174	2008
175	2009
176	2009
177	2006
178	2007
179	2008
180	0
181	2006
182	2003
183	2009
184	2008
185	2007
186	2005
187	2006
188	2006
189	2008
190	2009
191	2007
192	2004
193	2005
194	2005
195	2004
196	2008
197	2009
198	2008
199	2008
200	2007
201	2005
202	2009
203	2006
204	2008
205	2007
206	2008
207	0
208	2008
209	2007
210	2008
211	2006
212	2005
213	0
214	2006
215	2007
216	2009
217	2009
218	2009
219	2004
220	2008
221	2007
222	2006
223	2005
224	2008
225	2006
226	0
227	2004
228	2009
229	0
230	2007
231	2007
232	2005
233	2005
234	2006
235	2007
236	2009
237	2005
238	2005
239	2006
240	2009
241	0
242	2007
243	0
244	2004
245	2008
246	2008
247	2007
248	2009
249	2007
250	2007
251	0
252	2007
253	2008
254	0
255	2007
256	2005
257	2005
258	2004
259	2002
260	2009
261	2009
262	2007
263	1997
264	2007
265	2005
266	2007
267	2005
268	2007
269	2005
270	2006
271	2009
272	2009
273	2008
274	2009
275	2006
276	0
277	2008
278	2006
279	2009
280	2005
281	2007
282	2003
283	2009
284	2004
285	2007
286	2002
287	2005
288	2007
289	2004
290	2007
291	2000
292	2004
293	2004
294	2004
295	2007
296	2008
297	2009
298	2008
299	0
300	2005
301	2008
302	2005
303	2005
304	2009
305	2004
306	2009
307	2008
308	2005
309	2008
310	2009
311	0
312	2004
313	2009
314	2006
315	2009
316	2009
317	2004
318	2009
319	2008
320	2006
321	2007
322	2004
323	2007
324	2005
325	0
326	2008
327	2008
328	2005
329	2006
330	2008
331	2009
332	0
333	2008
334	2009
335	2006
336	2007
337	2005
338	2009
339	2009
340	0
341	2008
342	2004
343	2006
344	2008
345	2008
346	2009
347	2006
348	2008
349	2005
350	2005
351	2006
352	2008
353	2006
354	2009
355	2006
356	2009
357	2006
358	2006
359	2007
360	2009
361	2007
362	2008
363	2003
364	2003
365	2005
366	2006
367	2009
368	2008
369	2005
370	2007
371	2006
372	2008
373	0
374	2008
375	2006
376	2004
377	2007
378	2009
379	2005
380	2005
381	2006
382	2005
383	2007
384	2005
385	2008
386	2008
387	2005
388	2009
389	2005
390	2003
391	2009
392	2009
393	2005
394	2005
395	2007
396	2005
397	2007
398	2004
399	2009
400	2005
401	2007
402	2005
403	0
404	2009
405	2005
406	2005
407	2008
408	2005
409	2006
410	0
411	0
412	2008
413	2008
414	2006
415	2002
416	0
417	2006
418	2006
419	0
420	2006
421	2007
422	2008
423	2006
424	0
425	2009
426	2008
427	0
428	2006
429	2008
430	2005
431	0
432	2007
433	2006
434	2006
435	2004
436	2006
437	0
438	2008
439	0
440	2004
441	2008
442	2009
443	2008
444	0
445	2009
446	2006
447	2006
448	0
449	2010
450	2004
451	2007
452	2004
453	2009
454	0
455	2004
456	2007
457	2009
458	0
459	0
460	2007
461	2006
462	2008
463	2008
464	2006
465	2005
466	2008
467	0
468	0
469	2006
470	2009
471	2008
472	2005
473	2007
474	2009
475	0
476	2006
477	2008
478	2007
479	2006
480	0
481	2005
482	2005
483	2009
484	2007
485	2009
486	2005
487	2009
488	0
489	2009
490	2008
491	2009
492	2008
493	0
494	2004
495	2003
496	2007
497	2006
498	2006
499	2008
500	2006
501	0
502	2005
503	2007
504	2009
505	2009
506	2007
507	2006
508	2005
509	2006
510	2008
511	2005
512	2005
513	2006
514	2008
515	2006
516	2008
517	2009
518	2009
519	0
520	2009
521	2008
522	2009
523	2005
524	2006
525	2009
526	0
527	2008
528	2008
529	2006
530	2006
531	2006
532	2007
533	2009
534	0
535	2004
536	2007
537	2008
538	2007
539	2009
540	2007
541	0
542	2005
543	2006
544	2005
545	2002
546	2005
547	2004
548	2008
549	2004
550	2008
551	2009
552	2008
553	2009
554	2009
555	2004
556	2005
557	2008
558	2005
559	2006
560	2008
561	2009
562	2009
563	2006
564	2007
565	2006
566	2008
567	0
568	2006
569	2008
570	2005
571	2008
572	0
573	2007
574	2009
575	2009
576	2006
577	2007
578	2006
579	2007
580	2004
581	2005
582	2004
583	2005
584	2009
585	2008
586	2006
587	2008
588	0
589	2007
590	2006
591	2006
592	2008
593	2005
594	2008
595	2009
596	2007
597	2008
598	0
599	2009
600	2008
601	2009
602	0
603	2003
604	2009
605	2006
606	2007
607	0
608	2004
609	2009
610	2009
611	2005
612	2008
613	2005
614	2003
615	2008
616	2005
617	2007
618	2005
619	2000
620	0
621	0
622	2006
623	2006
624	2006
625	2007
626	2008
627	0
628	2006
629	2006
630	2003
631	2005
632	2006
633	2006
634	2007
635	2006
636	2008
637	2007
638	2007
639	2006
640	2006
641	2009
642	2009
643	2005
644	2008
645	2009
646	0
647	2007
648	2007
649	2008
650	2006
651	2004
652	2004
653	2004
654	2008
655	2003
656	2006
657	2006
658	2007
659	2006
660	2007
661	2005
662	2005
663	2009
664	2005
665	0
666	2008
667	2006
668	2004
669	2009
670	2006
671	2008
672	2007
673	2003
674	2006
675	2004
676	0
677	2006
678	2007
679	2009
680	2004
681	2006
682	2008
683	2007
684	2007
685	0
686	2009
687	2006
688	2008
689	2008
690	2005
691	2008
692	2005
693	2005
694	2007
695	2009
696	2005
697	2007
698	2003
699	2006
700	2008
701	2008
702	2005
703	2009
704	2006
705	2007
706	0
707	2007
708	0
709	2008
710	2005
711	2007
712	2007
713	2006
714	2007
715	2005
716	2006
717	2006
718	2004
719	0
720	2003
721	2005
722	2008
723	2007
724	2005
725	2009
726	2006
727	0
728	2006
729	2005
730	2007
731	2008
732	2009
733	2009
734	2008
735	0
736	2009
737	2008
738	2005
739	2008
740	2006
741	2008
742	2008
743	2007
744	2005
745	2009
746	2005
747	2006
748	2006
749	2006
750	2005
751	2006
752	2007
753	2006
754	2005
755	2009
756	2006
757	2009
758	2009
759	2008
760	2006
761	2005
762	2009
763	2005
764	0
765	2007
766	0
767	2006
768	2003
769	0
770	2005
771	2004
772	2006
773	2005
774	2004
775	2004
776	2007
777	2006
778	2007
779	0
780	2008
781	2007
782	2008
783	2009
784	2009
785	2008
786	2009
787	2009
788	2009
789	2008
790	2009
791	0
792	2007
793	2009
794	2006
795	2009
796	2006
797	2009
798	2008
799	2006
800	2006
801	2005
802	2010
803	0
804	2008
805	2009
806	2007
807	2005
808	2009
809	2005
810	2004
811	2008
812	2006
813	2005
814	2007
815	2007
816	2008
817	2006
818	2003
819	2006
820	2009
821	2009
822	2008
823	2005
824	2006
825	2005
826	2005
827	2006
828	2008
829	2008
830	2006
831	2009
832	2007
833	2008
834	2006
835	2006
836	2007
837	2008
838	2009
839	2007
840	2009
841	2007
842	2005
843	2007
844	2007
845	2005
846	0
847	2006
848	2009
849	2004
850	2005
851	2008
852	2006
853	0
854	2005
855	2005
856	2009
857	2003
858	2007
859	2006
860	2007
861	2007
862	2008
863	2005
864	0
865	2003
866	0
867	2008
868	2008
869	2007
870	2006
871	2009
872	2009
873	2006
874	2008
875	2007
876	2008
877	2007
878	0
879	2009
880	2007
881	2004
882	2005
883	2010
884	0
885	2005
886	2006
887	2008
888	2007
889	0
890	2007
891	2008
892	2004
893	2004
894	2008
895	2006
896	2002
897	2008
898	2009
899	2005
900	2006
901	2009
902	2009
903	2008
904	2009
905	2008
906	2005
907	2005
908	2009
909	2005
910	2005
911	2008
912	2005
913	2004
914	2007
915	2002
916	2008
917	2006
918	2009
919	2007
920	2008
921	2009
922	2003
923	2009
924	2006
925	0
926	2008
927	2007
928	2000
929	2006
930	2009
931	2006
932	2007
933	2009
934	2004
935	2004
936	2006
937	2007
938	2007
939	2008
940	2009
941	2008
942	2008
943	2008
944	2004
945	2005
946	2009
947	2007
948	2007
949	0
950	2009
951	2005
952	2007
953	2008
954	2006
955	0
956	0
957	2009
958	2006
959	2009
960	2009
961	2009
962	2005
963	2006
964	2009
965	2009
966	2006
967	2010
968	2003
969	2006
970	2007
971	2005
972	2003
973	2008
974	0
975	2009
976	2009
977	2008
978	2005
979	2005
980	2005
981	2008
982	2008
983	2008
984	2007
985	0
986	2006
987	2007
988	2007
989	2005
990	2005
991	2005
992	2008
993	2008
994	2008
995	0
996	2005
997	0
998	2008
999	2006
1000	2006
1001	2008
1002	2005
1003	2007
1004	2008
1005	2008
1006	2008
1007	2009
1008	2008
1009	2009
1010	2008
1011	2005
1012	2009
1013	2004
1014	2004
1015	2007
1016	2009
1017	2007
1018	2006
1019	2005
1020	2007
1021	2006
1022	0
1023	2005
1024	2009
1025	2006
1026	2008
1027	2009
1028	2007
1029	2004
1030	0
1031	2008
1032	2009
1033	2007
1034	2004
1035	2007
1036	2007
1037	2006
1038	2005
1039	0
1040	2007
1041	2008
1042	2006
1043	2007
1044	2003
1045	2008
1046	2006
1047	2006
1048	0
1049	2003
1050	2007
1051	2008
1052	2007
1053	2009
1054	2009
1055	2006
1056	2008
1057	2008
1058	0
1059	2006
1060	2007
1061	2005
1062	2008
1063	2008
1064	2009
1065	2006
1066	2008
1067	2008
1068	2007
1069	2004
1070	2005
1071	2004
1072	2007
1073	2006
1074	2005
1075	0
1076	2003
1077	2007
1078	2001
1079	2005
1080	2006
1081	2007
1082	2009
1083	2007
1084	2008
1085	2009
1086	2008
1087	0
1088	2007
1089	2007
1090	2006
1091	2009
1092	2007
1093	2007
1094	2009
1095	2005
1096	0
1097	2006
1098	2007
1099	2005
1100	2004
1101	2007
1102	2006
1103	2008
1104	2009
1105	2006
1106	2005
1107	2008
1108	2009
1109	2005
1110	2009
1111	0
1112	2005
1113	2005
1114	2006
1115	2005
1116	2005
1117	2005
1118	2008
1119	2005
1120	2006
1121	2008
1122	2009
1123	2006
1124	2008
1125	2007
1126	2005
1127	2007
1128	2006
1129	2006
1130	2008
1131	2004
1132	2009
1133	2007
1134	2008
1135	2007
1136	2007
1137	2008
1138	2006
1139	2009
1140	2007
1141	2005
1142	2008
1143	2004
1144	2006
1145	2008
1146	2006
1147	2008
1148	2009
1149	2008
1150	0
1151	2006
1152	2007
1153	2007
1154	2009
1155	2005
1156	2004
1157	2008
1158	2009
1159	0
1160	2007
1161	2009
1162	2007
1163	2006
1164	2008
1165	0
1166	2008
1167	2007
1168	2009
1169	2005
1170	2006
1171	2006
1172	2007
1173	2006
1174	0
1175	2006
1176	2007
1177	2006
1178	2008
1179	2008
1180	2005
1181	2009
1182	2009
1183	2007
1184	2008
1185	2005
1186	2006
1187	2004
1188	2009
1189	2006
1190	2005
1191	2005
1192	2006
1193	0
1194	2005
1195	2007
1196	2005
1197	0
1198	2008
1199	2007
1200	0
1201	2007
1202	2008
1203	2005
1204	2007
1205	2001
1206	0
1207	2009
1208	2007
1209	2003
1210	2006
1211	2008
1212	0
1213	2009
1214	2008
1215	2009
1216	2008
1217	2006
1218	2008
1219	0
1220	2007
1221	2005
1222	2004
1223	2008
1224	2009
1225	2006
1226	2003
1227	2006
1228	2009
1229	2004
1230	0
1231	2005
1232	2007
1233	2005
1234	0
1235	2005
1236	0
1237	2007
1238	2006
1239	2005
1240	2005
1241	2008
1242	2009
1243	2006
1244	2009
1245	2009
1246	2006
1247	2007
1248	2009
1249	2009
1250	2004
1251	2005
1252	2007
1253	2007
1254	2008
1255	0
1256	2007
1257	2005
1258	2007
1259	2008
1260	0
1261	2009
1262	2007
1263	2004
1264	2004
1265	2009
1266	2008
1267	2008
1268	2004
1269	2008
1270	2008
1271	2005
1272	2006
1273	2008
1274	2006
1275	2006
1276	2009
1277	2007
1278	2009
1279	2008
1280	0
1281	2010
1282	2009
1283	2008
1284	0
1285	0
1286	2005
1287	2008
1288	2004
1289	2005
1290	2009
1291	2007
1292	2007
1293	2005
1294	2008
1295	2009
1296	0
1297	2009
1298	2008
1299	2008
1300	2008
1301	2009
1302	2009
1303	2004
1304	0
1305	0
1306	2009
1307	0
1308	2005
1309	2007
1310	2004
1311	0
1312	2008
1313	2009
1314	2007
1315	2004
1316	2005
1317	0
1318	0
1319	2005
1320	2007
1321	0
1322	2008
1323	2007
1324	2007
1325	0
1326	2005
1327	0
1328	2008
1329	2003
1330	2008
1331	2009
1332	2008
1333	2008
1334	2007
1335	2007
1336	0
1337	2009
1338	2008
1339	2006
1340	2007
1341	2007
1342	2007
1343	2006
1344	2006
1345	2009
1346	2009
1347	2005
1348	2008
1349	2009
1350	2009
1351	2008
1352	2004
1353	2008
1354	2005
1355	2009
1356	2009
1357	2008
1358	2008
1359	2009
1360	2009
1361	2008
1362	2006
1363	2006
1364	2008
1365	2005
1366	2005
1367	2004
1368	2007
1369	2009
1370	2008
1371	2006
1372	2007
1373	0
1374	2009
1375	2006
1376	2004
1377	2008
1378	2005
1379	2003
1380	2008
1381	2008
1382	2005
1383	2009
1384	2008
1385	2009
1386	2007
1387	2005
1388	2008
1389	2003
1390	2008
1391	2005
1392	2006
1393	2004
1394	2004
1395	2009
1396	2006
1397	2005
1398	2009
1399	2006
1400	0
1401	2005
1402	2005
1403	2008
1404	2006
1405	2008
1406	2007
1407	2003
1408	2006
1409	0
1410	2006
1411	2006
1412	2007
1413	2007
1414	2008
1415	2005
1416	2007
1417	2008
1418	2007
1419	2009
1420	2008
1421	2006
1422	2004
1423	2003
1424	2008
1425	2006
1426	2006
1427	2008
1428	2004
1429	0
1430	0
1431	2005
1432	2008
1433	2008
1434	2007
1435	2007
1436	2007
1437	2007
1438	2006
1439	2005
1440	2003
1441	2009
1442	2006
1443	2005
1444	2006
1445	2007
1446	2007
1447	0
1448	2005
1449	2007
1450	2005
1451	2009
1452	2009
1453	2008
1454	2007
1455	0
1456	2007
1457	2008
1458	2009
1459	2009
1460	2008
1461	2003
1462	2008
1463	2009
1464	2006
1465	2006
1466	2009
1467	2005
1468	2009
1469	2006
1470	2008
1471	2003
1472	2007
1473	2006
1474	2005
1475	2006
1476	2009
1477	2005
1478	2009
1479	2008
1480	2005
1481	2006
1482	2005
1483	2008
1484	2007
1485	0
1486	2005
1487	2007
1488	2002
1489	2008
1490	2007
1491	2006
1492	2007
1493	2008
1494	2005
1495	2006
1496	2008
1497	2008
1498	2007
1499	2007
1500	2006
1501	2009
1502	2008
1503	2006
1504	2007
1505	2009
1506	2007
1507	2006
1508	2005
1509	2006
1510	2005
1511	2007
1512	2005
1513	2008
1514	2006
1515	2009
1516	2004
1517	2008
1518	2005
1519	2008
1520	0
1521	2009
1522	0
1523	2005
1524	2006
1525	2005
1526	0
1527	2009
1528	2009
1529	2003
1530	2007
1531	2006
1532	2005
1533	2004
1534	2007
1535	2006
1536	2008
1537	0
1538	2007
1539	2005
1540	2007
1541	2007
1542	2002
1543	0
1544	2007
1545	2009
1546	2009
1547	2005
1548	2009
1549	2007
1550	2005
1551	2003
1552	2005
1553	2006
1554	2005
1555	2005
1556	2007
1557	2009
1558	2006
1559	2008
1560	2008
1561	2008
1562	2009
1563	2006
1564	2008
1565	2007
1566	2005
1567	2005
1568	2006
1569	2008
1570	2008
1571	2005
1572	2009
1573	0
1574	2005
1575	2009
1576	2005
1577	0
1578	2005
1579	2007
1580	2008
1581	2007
1582	2007
1583	0
1584	0
1585	2006
1586	2003
1587	2004
1588	2007
1589	0
1590	2004
1591	2007
1592	2008
1593	0
1594	0
1595	2007
1596	2006
1597	2008
1598	2006
1599	2007
1600	2006
1601	2009
1602	2007
1603	0
1604	2006
1605	2008
1606	2005
1607	2008
1608	2009
1609	2006
1610	2005
1611	2007
1612	2006
1613	2007
1614	2009
1615	2008
1616	2009
1617	2004
1618	2006
1619	0
1620	2009
1621	2004
1622	2008
1623	2007
1624	2008
1625	2009
1626	2006
1627	2006
1628	2009
1629	2005
1630	2006
1631	2006
1632	2009
1633	2009
1634	2004
1635	2006
1636	2006
1637	2005
1638	2007
1639	0
1640	2008
1641	2007
1642	2009
1643	0
1644	2007
1645	2006
1646	2006
1647	2009
1648	2008
1649	2004
1650	2007
1651	2009
1652	2006
1653	2007
1654	2007
1655	2006
1656	2008
1657	0
1658	2006
1659	2003
1660	2001
1661	2005
1662	2007
1663	2008
1664	2006
1665	0
1666	2007
1667	2005
1668	2008
1669	2007
1670	2007
1671	2008
1672	2004
1673	2008
1674	0
1675	2007
1676	0
1677	2006
1678	2009
1679	2007
1680	2006
1681	0
1682	2008
1683	2009
1684	2008
1685	2008
1686	0
1687	2005
1688	2006
1689	2004
1690	2007
1691	0
1692	2009
1693	0
1694	2006
1695	2002
1696	2007
1697	2006
1698	2006
1699	2006
1700	2004
1701	2005
1702	2007
1703	2009
1704	2004
1705	2004
1706	2004
1707	2008
1708	2006
1709	0
1710	2004
1711	2004
1712	2008
1713	2005
1714	2007
1715	0
1716	2007
1717	2005
1718	2006
1719	2005
1720	2009
1721	2006
1722	2009
1723	2009
1724	2006
1725	2007
1726	2007
1727	2004
1728	2000
1729	2009
1730	2007
1731	2007
1732	2008
1733	2005
1734	2008
1735	2006
1736	2009
1737	2005
1738	2008
1739	2005
1740	2004
1741	2002
1742	2009
1743	2007
1744	2008
1745	2006
1746	2009
1747	2005
1748	2009
1749	2005
1750	2006
1751	0
1752	2004
1753	0
1754	2007
1755	0
1756	2005
1757	2006
1758	2008
1759	0
1760	2005
1761	2009
1762	2008
1763	2008
1764	0
1765	2004
1766	2009
1767	2007
1768	2006
1769	2008
1770	2009
1771	2008
1772	2008
1773	2004
1774	2007
1775	2004
1776	2007
1777	2005
1778	0
1779	2005
1780	2007
1781	2005
1782	2004
1783	2006
1784	2007
1785	2006
1786	2009
1787	2009
1788	2009
1789	2005
1790	0
1791	2007
1792	2007
1793	2007
1794	2008
1795	2008
1796	2008
1797	2007
1798	2009
1799	2005
1800	2004
1801	2008
1802	0
1803	2008
1804	2007
1805	2008
1806	2008
1807	2006
1808	2004
1809	2009
1810	2007
1811	2007
1812	2008
1813	2005
1814	2008
1815	2004
1816	2006
1817	2009
1818	0
1819	2005
1820	2008
1821	2008
1822	2006
1823	2008
1824	2005
1825	2009
1826	0
1827	2006
1828	2009
1829	2006
1830	2007
1831	2006
1832	2007
1833	2004
1834	2005
1835	2004
1836	2004
1837	2004
1838	2008
1839	2009
1840	0
1841	2007
1842	2009
1843	2004
1844	2006
1845	2009
1846	2009
1847	2006
1848	2005
1849	2007
1850	2009
1851	2007
1852	2006
1853	2009
1854	2006
1855	2005
1856	2005
1857	2004
1858	2002
1859	0
1860	2008
1861	2006
1862	2005
1863	2008
1864	2008
1865	2008
1866	2009
1867	2006
1868	2006
1869	2005
1870	2008
1871	2000
1872	2005
1873	2009
1874	2006
1875	2005
1876	2007
1877	0
1878	2006
1879	2007
1880	0
1881	2004
1882	0
1883	2008
1884	2006
1885	2006
1886	2008
1887	2006
1888	2004
1889	2004
1890	2005
1891	2009
1892	2006
1893	2005
1894	2008
1895	0
1896	2007
1897	2004
1898	2007
1899	2008
1900	0
1901	2007
1902	2009
1903	2007
1904	2007
1905	2007
1906	2006
1907	2007
1908	2009
1909	2003
1910	2009
1911	2008
1912	2004
1913	0
1914	2004
1915	2006
1916	2006
1917	2009
1918	2006
1919	2008
1920	2008
1921	2004
1922	2005
1923	0
1924	0
1925	2009
1926	2009
1927	2007
1928	2005
1929	2005
1930	2008
1931	2008
1932	2005
1933	2009
1934	2008
1935	2008
1936	2007
1937	2009
1938	2007
1939	2006
1940	2007
1941	2009
1942	2006
1943	2008
1944	2006
1945	2009
1946	2003
1947	2005
1948	2007
1949	2006
1950	2006
1951	2008
1952	2006
1953	2003
1954	2009
1955	2007
1956	2007
1957	2008
1958	2009
1959	2009
1960	2009
1961	2007
1962	2009
1963	2005
1964	2007
1965	2008
1966	2007
1967	2008
1968	1999
1969	2006
1970	2008
1971	2004
1972	2007
1973	2005
1974	2008
1975	2001
1976	2005
1977	2007
1978	0
1979	2009
1980	2008
1981	2007
1982	2004
1983	2006
1984	2003
1985	2009
1986	2008
1987	2005
1988	2005
1989	2006
1990	2003
1991	2009
1992	2009
1993	2005
1994	2008
1995	1994
1996	2007
1997	2006
1998	2009
1999	0
2000	2009
2001	0
2002	2006
2003	2002
2004	2009
2005	2005
2006	0
2007	2007
2008	2008
2009	2009
2010	2008
2011	2007
2012	2004
2013	0
2014	2006
2015	2009
2016	2008
2017	2009
2018	2006
2019	0
2020	0
2021	2006
2022	2005
2023	2007
2024	2006
2025	2007
2026	2006
2027	2009
2028	2007
2029	2008
2030	2009
2031	2008
2032	2004
2033	2006
2034	2007
2035	2008
2036	2009
2037	2005
2038	2005
2039	2006
2040	2009
2041	2006
2042	2005
2043	2008
2044	0
2045	2007
2046	0
2047	2008
2048	2009
2049	2005
2050	2008
2051	0
2052	2004
2053	2005
2054	2007
2055	2008
2056	2008
2057	2009
2058	2009
2059	2008
2060	2009
2061	2006
2062	2005
2063	0
2064	2007
2065	2009
2066	2009
2067	0
2068	2007
2069	2009
2070	2008
2071	2006
2072	0
2073	2008
2074	2009
2075	2005
2076	2008
2077	0
2078	2006
2079	2005
2080	2005
2081	2006
2082	2009
2083	2005
2084	2007
2085	2003
2086	2008
2087	2007
2088	2005
2089	2007
2090	2004
2091	2006
2092	2009
2093	0
2094	2009
2095	0
2096	2009
2097	2009
2098	2007
2099	2006
2100	2006
2101	2004
2102	2006
2103	2005
2104	2007
2105	2009
2106	2009
2107	2007
2108	2005
2109	0
2110	0
2111	2007
2112	2006
2113	2006
2114	2009
2115	2009
2116	2005
2117	2004
2118	2006
2119	2005
2120	2006
2121	2006
2122	2007
2123	2008
2124	0
2125	2008
2126	2003
2127	2007
2128	2001
2129	2008
2130	2009
2131	2007
2132	2005
2133	2008
2134	2009
2135	2004
2136	2005
2137	2003
2138	2008
2139	2004
2140	2006
2141	2007
2142	0
2143	2006
2144	2008
2145	2005
2146	2005
2147	2007
2148	0
2149	2008
2150	2007
2151	2004
2152	2008
2153	1998
2154	2008
2155	2009
2156	2007
2157	2009
2158	0
2159	2009
2160	2009
2161	2005
2162	2005
2163	2006
2164	2008
2165	2005
2166	2009
2167	2003
2168	2006
2169	2009
2170	2003
2171	2006
2172	2005
2173	2005
2174	2007
2175	2007
2176	2009
2177	2005
2178	2009
2179	0
2180	0
2181	2007
2182	2007
2183	2009
2184	2005
2185	2006
2186	2009
2187	2008
2188	2008
2189	2005
2190	2003
2191	2007
2192	2009
2193	0
2194	2007
2195	2004
2196	2006
2197	2008
2198	0
2199	0
2200	2009
2201	2009
2202	2007
2203	2009
2204	2007
2205	0
2206	2007
2207	2008
2208	2007
2209	2005
2210	2006
2211	2004
2212	2009
2213	2009
2214	0
2215	2007
2216	2005
2217	2007
2218	2008
2219	2005
2220	2007
2221	2007
2222	2003
2223	2005
2224	2009
2225	2000
2226	2004
2227	2008
2228	2008
2229	2007
2230	2004
2231	2006
2232	2005
2233	2004
2234	2009
