0	1	1
1	0	1
1	2	1
2	1	1
1	13	1
13	1	1
1	60	1
60	1	1
1	191	1
191	1	1
2	3	1
3	2	1
3	13	1
13	3	1
3	177	1
177	3	1
4	5	1
5	4	1
5	9	1
9	5	1
6	7	1
7	6	1
6	8	1
8	6	1
7	162	1
162	7	1
7	193	1
193	7	1
8	145	1
145	8	1
8	162	1
162	8	1
8	193	1
193	8	1
9	10	1
10	9	1
9	13	1
13	9	1
9	98	1
98	9	1
11	12	1
12	11	1
11	13	1
13	11	1
11	14	1
14	11	1
11	15	1
15	11	1
11	16	1
16	11	1
11	17	1
17	11	1
11	18	1
18	11	1
11	19	1
19	11	1
11	20	1
20	11	1
11	21	1
21	11	1
12	18	1
18	12	1
12	21	1
21	12	1
13	15	1
15	13	1
13	16	1
16	13	1
13	17	1
17	13	1
13	19	1
19	13	1
13	24	1
24	13	1
13	27	1
27	13	1
13	29	1
29	13	1
13	33	1
33	13	1
13	34	1
34	13	1
13	35	1
35	13	1
13	36	1
36	13	1
13	37	1
37	13	1
13	38	1
38	13	1
13	39	1
39	13	1
13	40	1
40	13	1
13	41	1
41	13	1
13	42	1
42	13	1
13	43	1
43	13	1
13	44	1
44	13	1
13	45	1
45	13	1
13	46	1
46	13	1
13	47	1
47	13	1
13	48	1
48	13	1
13	49	1
49	13	1
13	50	1
50	13	1
13	51	1
51	13	1
13	52	1
52	13	1
13	53	1
53	13	1
13	54	1
54	13	1
13	55	1
55	13	1
13	56	1
56	13	1
13	57	1
57	13	1
13	58	1
58	13	1
13	59	1
59	13	1
13	60	1
60	13	1
13	61	1
61	13	1
13	62	1
62	13	1
13	63	1
63	13	1
13	64	1
64	13	1
13	65	1
65	13	1
13	66	1
66	13	1
13	67	1
67	13	1
13	68	1
68	13	1
13	69	1
69	13	1
13	70	1
70	13	1
13	71	1
71	13	1
13	72	1
72	13	1
13	73	1
73	13	1
13	74	1
74	13	1
13	75	1
75	13	1
13	76	1
76	13	1
13	77	1
77	13	1
13	78	1
78	13	1
13	79	1
79	13	1
13	80	1
80	13	1
13	81	1
81	13	1
13	82	1
82	13	1
13	83	1
83	13	1
13	84	1
84	13	1
13	85	1
85	13	1
13	86	1
86	13	1
13	87	1
87	13	1
13	88	1
88	13	1
13	89	1
89	13	1
13	90	1
90	13	1
13	91	1
91	13	1
13	92	1
92	13	1
13	93	1
93	13	1
13	94	1
94	13	1
13	95	1
95	13	1
13	96	1
96	13	1
13	97	1
97	13	1
13	98	1
98	13	1
13	99	1
99	13	1
13	100	1
100	13	1
13	101	1
101	13	1
13	102	1
102	13	1
13	103	1
103	13	1
13	104	1
104	13	1
13	105	1
105	13	1
13	106	1
106	13	1
13	107	1
107	13	1
13	108	1
108	13	1
13	109	1
109	13	1
13	110	1
110	13	1
13	111	1
111	13	1
13	112	1
112	13	1
13	113	1
113	13	1
13	114	1
114	13	1
13	115	1
115	13	1
14	95	1
95	14	1
15	76	1
76	15	1
15	179	1
179	15	1
16	70	1
70	16	1
16	75	1
75	16	1
16	80	1
80	16	1
16	152	1
152	16	1
16	183	1
183	16	1
18	21	1
21	18	1
18	22	1
22	18	1
20	22	1
22	20	1
21	181	1
181	21	1
23	24	1
24	23	1
24	121	1
121	24	1
24	125	1
125	24	1
24	130	1
130	24	1
25	26	1
26	25	1
25	27	1
27	25	1
26	135	1
135	26	1
26	153	1
153	26	1
28	29	1
29	28	1
28	30	1
30	28	1
28	95	1
95	28	1
28	133	1
133	28	1
28	140	1
140	28	1
29	95	1
95	29	1
30	95	1
95	30	1
30	188	1
188	30	1
31	32	1
32	31	1
35	59	1
59	35	1
37	122	1
122	37	1
38	142	1
142	38	1
39	150	1
150	39	1
40	56	1
56	40	1
41	98	1
98	41	1
48	89	1
89	48	1
53	121	1
121	53	1
53	153	1
153	53	1
55	135	1
135	55	1
55	153	1
153	55	1
56	102	1
102	56	1
56	133	1
133	56	1
56	134	1
134	56	1
56	188	1
188	56	1
59	118	1
118	59	1
59	125	1
125	59	1
66	133	1
133	66	1
66	155	1
155	66	1
66	156	1
156	66	1
66	160	1
160	66	1
66	188	1
188	66	1
67	149	1
149	67	1
69	135	1
135	69	1
69	140	1
140	69	1
69	162	1
162	69	1
70	126	1
126	70	1
70	144	1
144	70	1
72	149	1
149	72	1
72	179	1
179	72	1
73	135	1
135	73	1
73	146	1
146	73	1
73	147	1
147	73	1
75	152	1
152	75	1
75	183	1
183	75	1
76	179	1
179	76	1
77	95	1
95	77	1
78	135	1
135	78	1
78	145	1
145	78	1
78	162	1
162	78	1
78	193	1
193	78	1
80	127	1
127	80	1
80	143	1
143	80	1
83	129	1
129	83	1
88	166	1
166	88	1
89	101	1
101	89	1
89	107	1
107	89	1
89	169	1
169	89	1
90	125	1
125	90	1
90	170	1
170	90	1
92	93	1
93	92	1
92	159	1
159	92	1
93	159	1
159	93	1
95	171	1
171	95	1
95	172	1
172	95	1
96	125	1
125	96	1
96	147	1
147	96	1
96	162	1
162	96	1
96	193	1
193	96	1
101	107	1
107	101	1
102	140	1
140	102	1
102	189	1
189	102	1
104	175	1
175	104	1
104	176	1
176	104	1
108	173	1
173	108	1
110	135	1
135	110	1
110	146	1
146	110	1
110	161	1
161	110	1
111	162	1
162	111	1
112	178	1
178	112	1
116	117	1
117	116	1
118	119	1
119	118	1
118	120	1
120	118	1
118	121	1
121	118	1
118	122	1
122	118	1
119	121	1
121	119	1
119	125	1
125	119	1
119	129	1
129	119	1
120	121	1
121	120	1
120	125	1
125	120	1
120	129	1
129	120	1
121	125	1
125	121	1
121	129	1
129	121	1
121	151	1
151	121	1
122	123	1
123	122	1
122	147	1
147	122	1
123	124	1
124	123	1
124	129	1
129	124	1
126	127	1
127	126	1
126	128	1
128	126	1
127	129	1
129	127	1
128	131	1
131	128	1
132	133	1
133	132	1
133	134	1
134	133	1
133	155	1
155	133	1
133	156	1
156	133	1
133	188	1
188	133	1
135	136	1
136	135	1
135	137	1
137	135	1
135	138	1
138	135	1
136	146	1
146	136	1
137	141	1
141	137	1
138	162	1
162	138	1
138	193	1
193	138	1
139	140	1
140	139	1
140	151	1
151	140	1
146	160	1
160	146	1
147	148	1
148	147	1
147	149	1
149	147	1
149	163	1
163	149	1
153	162	1
162	153	1
153	193	1
193	153	1
154	155	1
155	154	1
154	156	1
156	154	1
155	156	1
156	155	1
155	160	1
160	155	1
155	188	1
188	155	1
156	160	1
160	156	1
157	158	1
158	157	1
162	192	1
192	162	1
162	193	1
193	162	1
162	194	1
194	162	1
164	165	1
165	164	1
167	168	1
168	167	1
172	180	1
180	172	1
173	174	1
174	173	1
182	183	1
183	182	1
183	184	1
184	183	1
183	185	1
185	183	1
186	187	1
187	186	1
189	190	1
190	189	1
192	193	1
193	192	1
