187
0	1
0	2
0	3
0	4
0	5
0	6
0	7
0	8
0	9
0	10
0	11
0	12
0	13
0	14
0	15
0	16
0	17
0	18
0	19
0	20
0	21
0	22
0	23
0	24
0	25
0	26
0	27
0	28
0	29
0	30
0	31
0	32
0	33
0	34
0	35
0	36
0	37
0	38
0	39
0	40
0	41
0	42
0	43
0	44
0	45
0	46
0	47
0	48
0	49
0	50
0	51
0	52
0	53
0	54
0	55
0	56
0	57
0	58
0	59
0	60
0	61
0	62
0	63
0	64
0	65
0	66
0	67
0	68
0	69
0	70
0	71
0	72
0	73
0	74
0	75
0	76
0	77
0	78
0	79
0	80
0	81
0	82
0	83
0	84
0	85
0	86
0	87
0	88
0	89
0	90
0	91
0	92
0	93
0	94
0	95
0	96
0	97
0	98
0	99
0	100
0	101
0	102
0	103
0	104
1	6
1	15
1	52
1	55
1	56
1	60
1	61
1	65
1	69
1	71
1	92
1	104
1	138
1	150
1	170
1	174
2	105
2	109
3	106
5	107
7	29
8	45
8	125
9	67
9	149
13	139
13	140
15	60
17	19
17	81
17	85
17	88
17	95
17	121
17	122
18	79
18	89
19	43
19	122
20	105
21	165
23	126
24	89
24	128
25	59
25	76
25	83
25	91
25	131
25	133
25	157
25	175
32	120
33	92
36	134
37	161
39	125
41	149
42	67
42	137
43	132
44	141
45	111
46	117
46	135
46	144
46	145
49	93
51	67
51	125
52	60
52	104
53	92
54	146
54	170
54	174
55	117
55	150
55	154
55	155
55	156
56	60
60	65
60	71
60	83
60	98
61	117
61	161
61	162
61	164
61	165
64	79
64	165
67	149
69	138
71	72
71	98
71	117
71	134
73	93
74	173
75	77
77	84
77	136
77	142
77	143
77	145
77	164
78	108
79	84
79	90
79	136
80	126
83	150
85	122
89	119
89	122
89	139
89	149
89	177
89	180
92	117
93	112
93	119
93	183
95	122
99	109
100	176
100	186
102	180
102	184
103	126
104	178
105	109
105	123
107	117
107	148
110	111
111	113
111	114
111	118
115	116
115	117
117	138
117	141
117	142
117	167
117	172
117	183
119	120
122	179
122	180
122	182
123	124
124	170
126	129
126	147
126	166
126	167
126	168
127	150
129	130
131	132
133	141
139	140
141	171
142	143
150	151
150	152
150	153
152	155
153	160
158	159
162	163
167	168
180	181
