195
0	1
1	2
1	13
1	60
1	191
2	3
3	13
3	177
4	5
5	9
6	7
6	8
7	162
7	193
8	145
8	162
8	193
9	10
9	13
9	98
11	12
11	13
11	14
11	15
11	16
11	17
11	18
11	19
11	20
11	21
12	18
12	21
13	15
13	16
13	17
13	19
13	24
13	27
13	29
13	33
13	34
13	35
13	36
13	37
13	38
13	39
13	40
13	41
13	42
13	43
13	44
13	45
13	46
13	47
13	48
13	49
13	50
13	51
13	52
13	53
13	54
13	55
13	56
13	57
13	58
13	59
13	60
13	61
13	62
13	63
13	64
13	65
13	66
13	67
13	68
13	69
13	70
13	71
13	72
13	73
13	74
13	75
13	76
13	77
13	78
13	79
13	80
13	81
13	82
13	83
13	84
13	85
13	86
13	87
13	88
13	89
13	90
13	91
13	92
13	93
13	94
13	95
13	96
13	97
13	98
13	99
13	100
13	101
13	102
13	103
13	104
13	105
13	106
13	107
13	108
13	109
13	110
13	111
13	112
13	113
13	114
13	115
14	95
15	76
15	179
16	70
16	75
16	80
16	152
16	183
18	21
18	22
20	22
21	181
23	24
24	121
24	125
24	130
25	26
25	27
26	135
26	153
28	29
28	30
28	95
28	133
28	140
29	95
30	95
30	188
31	32
35	59
37	122
38	142
39	150
40	56
41	98
48	89
53	121
53	153
55	135
55	153
56	102
56	133
56	134
56	188
59	118
59	125
66	133
66	155
66	156
66	160
66	188
67	149
69	135
69	140
69	162
70	126
70	144
72	149
72	179
73	135
73	146
73	147
75	152
75	183
76	179
77	95
78	135
78	145
78	162
78	193
80	127
80	143
83	129
88	166
89	101
89	107
89	169
90	125
90	170
92	93
92	159
93	159
95	171
95	172
96	125
96	147
96	162
96	193
101	107
102	140
102	189
104	175
104	176
108	173
110	135
110	146
110	161
111	162
112	178
116	117
118	119
118	120
118	121
118	122
119	121
119	125
119	129
120	121
120	125
120	129
121	125
121	129
121	151
122	123
122	147
123	124
124	129
126	127
126	128
127	129
128	131
132	133
133	134
133	155
133	156
133	188
135	136
135	137
135	138
136	146
137	141
138	162
138	193
139	140
140	151
146	160
147	148
147	149
149	163
153	162
153	193
154	155
154	156
155	156
155	160
155	188
156	160
157	158
162	192
162	193
162	194
164	165
167	168
172	180
173	174
182	183
183	184
183	185
186	187
189	190
192	193
