230
0	1
0	2
0	3
0	193
1	4
1	196
2	4
2	58
2	121
2	123
3	4
4	5
4	6
4	7
4	8
4	9
4	10
4	11
4	12
4	13
4	14
4	15
4	16
4	17
4	18
4	19
4	20
4	21
4	22
4	23
4	24
4	25
4	26
4	27
4	28
4	29
4	30
4	31
4	32
4	33
4	34
4	35
4	36
4	37
4	38
4	39
4	40
4	41
4	42
4	43
4	44
4	45
4	46
4	47
4	48
4	49
4	50
4	51
4	52
4	53
4	54
4	55
4	56
4	57
4	58
4	59
4	60
4	61
4	62
4	63
4	64
4	65
4	66
4	67
4	68
4	69
4	70
4	71
4	72
4	73
4	74
4	75
4	76
4	77
4	78
4	79
4	80
4	81
4	82
4	83
4	84
4	85
4	86
4	87
4	88
4	89
4	90
4	91
4	92
4	93
4	94
4	95
4	96
4	97
4	98
4	99
4	100
4	101
4	102
4	103
4	104
4	105
4	106
4	107
4	108
4	109
4	110
4	111
4	112
4	113
4	114
4	115
4	116
4	117
4	118
4	119
4	120
4	121
4	122
4	123
5	184
6	22
6	176
7	83
8	148
10	75
11	14
11	17
11	77
11	149
11	154
11	161
11	207
13	29
14	153
14	159
14	163
14	171
15	40
15	182
15	183
16	137
17	159
17	186
18	31
18	34
18	39
18	79
18	87
18	88
18	91
18	145
18	185
18	225
19	122
19	133
19	193
20	164
21	63
21	71
21	165
21	169
21	221
22	46
23	197
23	211
24	187
25	136
25	175
25	177
27	122
27	179
28	29
28	149
28	188
29	33
29	83
29	198
29	217
31	225
32	123
33	108
34	87
34	106
34	141
36	87
36	190
36	225
37	123
38	56
38	72
38	170
38	191
38	192
38	225
39	225
40	60
41	51
41	190
44	123
44	185
45	118
45	211
46	98
46	160
47	227
48	134
48	151
49	187
50	187
51	60
51	199
51	216
52	123
54	151
54	170
55	121
56	192
56	199
56	214
58	94
59	221
60	79
60	87
62	121
62	153
63	76
63	78
63	92
63	122
63	179
63	193
64	206
65	119
66	126
66	128
66	130
66	147
71	221
72	218
72	227
73	119
73	220
75	173
75	204
75	225
75	227
77	162
78	113
79	87
79	88
80	140
81	187
83	200
84	208
85	191
86	181
87	88
87	106
87	209
91	225
92	122
92	193
93	135
93	150
95	222
97	119
97	149
98	122
98	172
98	192
99	119
99	123
99	145
100	222
101	190
101	199
105	121
106	110
106	141
106	216
107	122
109	225
111	141
112	193
115	190
115	222
116	221
119	120
119	149
119	202
120	149
120	188
121	224
122	193
123	174
123	229
125	126
126	189
130	131
132	133
132	134
133	134
133	219
135	136
136	195
137	138
137	139
139	212
140	141
141	168
141	209
144	210
147	217
148	149
149	188
149	202
149	207
151	152
151	218
152	218
153	154
153	206
154	157
154	170
155	156
157	158
157	159
158	159
159	210
161	162
162	179
165	166
165	167
170	218
172	173
175	195
178	179
180	181
181	221
182	217
185	199
185	216
185	222
186	201
187	195
190	199
192	199
192	214
193	201
199	200
202	220
218	225
218	227
225	226
225	227
