0	1	1
1	0	1
0	2	1
2	0	1
0	3	1
3	0	1
0	4	1
4	0	1
0	5	1
5	0	1
0	6	1
6	0	1
0	7	1
7	0	1
0	8	1
8	0	1
0	9	1
9	0	1
0	10	1
10	0	1
0	11	1
11	0	1
0	12	1
12	0	1
0	13	1
13	0	1
0	14	1
14	0	1
0	15	1
15	0	1
0	16	1
16	0	1
0	17	1
17	0	1
0	18	1
18	0	1
0	19	1
19	0	1
0	20	1
20	0	1
0	21	1
21	0	1
0	22	1
22	0	1
0	23	1
23	0	1
0	24	1
24	0	1
0	25	1
25	0	1
0	26	1
26	0	1
0	27	1
27	0	1
0	28	1
28	0	1
0	29	1
29	0	1
0	30	1
30	0	1
0	31	1
31	0	1
0	32	1
32	0	1
0	33	1
33	0	1
0	34	1
34	0	1
0	35	1
35	0	1
0	36	1
36	0	1
0	37	1
37	0	1
0	38	1
38	0	1
0	39	1
39	0	1
0	40	1
40	0	1
0	41	1
41	0	1
0	42	1
42	0	1
0	43	1
43	0	1
0	44	1
44	0	1
0	45	1
45	0	1
0	46	1
46	0	1
0	47	1
47	0	1
0	48	1
48	0	1
0	49	1
49	0	1
0	50	1
50	0	1
0	51	1
51	0	1
0	52	1
52	0	1
0	53	1
53	0	1
0	54	1
54	0	1
0	55	1
55	0	1
0	56	1
56	0	1
0	57	1
57	0	1
0	58	1
58	0	1
0	59	1
59	0	1
0	60	1
60	0	1
0	61	1
61	0	1
0	62	1
62	0	1
0	63	1
63	0	1
0	64	1
64	0	1
0	65	1
65	0	1
0	66	1
66	0	1
0	67	1
67	0	1
0	68	1
68	0	1
0	69	1
69	0	1
0	70	1
70	0	1
0	71	1
71	0	1
0	72	1
72	0	1
0	73	1
73	0	1
0	74	1
74	0	1
0	75	1
75	0	1
0	76	1
76	0	1
0	77	1
77	0	1
0	78	1
78	0	1
0	79	1
79	0	1
0	80	1
80	0	1
0	81	1
81	0	1
0	82	1
82	0	1
0	83	1
83	0	1
0	84	1
84	0	1
0	85	1
85	0	1
0	86	1
86	0	1
0	87	1
87	0	1
0	88	1
88	0	1
0	89	1
89	0	1
0	90	1
90	0	1
0	91	1
91	0	1
0	92	1
92	0	1
0	93	1
93	0	1
0	94	1
94	0	1
0	95	1
95	0	1
0	96	1
96	0	1
0	97	1
97	0	1
0	98	1
98	0	1
0	99	1
99	0	1
0	100	1
100	0	1
0	101	1
101	0	1
0	102	1
102	0	1
0	103	1
103	0	1
0	104	1
104	0	1
1	6	1
6	1	1
1	15	1
15	1	1
1	52	1
52	1	1
1	55	1
55	1	1
1	56	1
56	1	1
1	60	1
60	1	1
1	61	1
61	1	1
1	65	1
65	1	1
1	69	1
69	1	1
1	71	1
71	1	1
1	92	1
92	1	1
1	104	1
104	1	1
1	138	1
138	1	1
1	150	1
150	1	1
1	170	1
170	1	1
1	174	1
174	1	1
2	105	1
105	2	1
2	109	1
109	2	1
3	106	1
106	3	1
5	107	1
107	5	1
7	29	1
29	7	1
8	45	1
45	8	1
8	125	1
125	8	1
9	67	1
67	9	1
9	149	1
149	9	1
13	139	1
139	13	1
13	140	1
140	13	1
15	60	1
60	15	1
17	19	1
19	17	1
17	81	1
81	17	1
17	85	1
85	17	1
17	88	1
88	17	1
17	95	1
95	17	1
17	121	1
121	17	1
17	122	1
122	17	1
18	79	1
79	18	1
18	89	1
89	18	1
19	43	1
43	19	1
19	122	1
122	19	1
20	105	1
105	20	1
21	165	1
165	21	1
23	126	1
126	23	1
24	89	1
89	24	1
24	128	1
128	24	1
25	59	1
59	25	1
25	76	1
76	25	1
25	83	1
83	25	1
25	91	1
91	25	1
25	131	1
131	25	1
25	133	1
133	25	1
25	157	1
157	25	1
25	175	1
175	25	1
32	120	1
120	32	1
33	92	1
92	33	1
36	134	1
134	36	1
37	161	1
161	37	1
39	125	1
125	39	1
41	149	1
149	41	1
42	67	1
67	42	1
42	137	1
137	42	1
43	132	1
132	43	1
44	141	1
141	44	1
45	111	1
111	45	1
46	117	1
117	46	1
46	135	1
135	46	1
46	144	1
144	46	1
46	145	1
145	46	1
49	93	1
93	49	1
51	67	1
67	51	1
51	125	1
125	51	1
52	60	1
60	52	1
52	104	1
104	52	1
53	92	1
92	53	1
54	146	1
146	54	1
54	170	1
170	54	1
54	174	1
174	54	1
55	117	1
117	55	1
55	150	1
150	55	1
55	154	1
154	55	1
55	155	1
155	55	1
55	156	1
156	55	1
56	60	1
60	56	1
60	65	1
65	60	1
60	71	1
71	60	1
60	83	1
83	60	1
60	98	1
98	60	1
61	117	1
117	61	1
61	161	1
161	61	1
61	162	1
162	61	1
61	164	1
164	61	1
61	165	1
165	61	1
64	79	1
79	64	1
64	165	1
165	64	1
67	149	1
149	67	1
69	138	1
138	69	1
71	72	1
72	71	1
71	98	1
98	71	1
71	117	1
117	71	1
71	134	1
134	71	1
73	93	1
93	73	1
74	173	1
173	74	1
75	77	1
77	75	1
77	84	1
84	77	1
77	136	1
136	77	1
77	142	1
142	77	1
77	143	1
143	77	1
77	145	1
145	77	1
77	164	1
164	77	1
78	108	1
108	78	1
79	84	1
84	79	1
79	90	1
90	79	1
79	136	1
136	79	1
80	126	1
126	80	1
83	150	1
150	83	1
85	122	1
122	85	1
89	119	1
119	89	1
89	122	1
122	89	1
89	139	1
139	89	1
89	149	1
149	89	1
89	177	1
177	89	1
89	180	1
180	89	1
92	117	1
117	92	1
93	112	1
112	93	1
93	119	1
119	93	1
93	183	1
183	93	1
95	122	1
122	95	1
99	109	1
109	99	1
100	176	1
176	100	1
100	186	1
186	100	1
102	180	1
180	102	1
102	184	1
184	102	1
103	126	1
126	103	1
104	178	1
178	104	1
105	109	1
109	105	1
105	123	1
123	105	1
107	117	1
117	107	1
107	148	1
148	107	1
110	111	1
111	110	1
111	113	1
113	111	1
111	114	1
114	111	1
111	118	1
118	111	1
115	116	1
116	115	1
115	117	1
117	115	1
117	138	1
138	117	1
117	141	1
141	117	1
117	142	1
142	117	1
117	167	1
167	117	1
117	172	1
172	117	1
117	183	1
183	117	1
119	120	1
120	119	1
122	179	1
179	122	1
122	180	1
180	122	1
122	182	1
182	122	1
123	124	1
124	123	1
124	170	1
170	124	1
126	129	1
129	126	1
126	147	1
147	126	1
126	166	1
166	126	1
126	167	1
167	126	1
126	168	1
168	126	1
127	150	1
150	127	1
129	130	1
130	129	1
131	132	1
132	131	1
133	141	1
141	133	1
139	140	1
140	139	1
141	171	1
171	141	1
142	143	1
143	142	1
150	151	1
151	150	1
150	152	1
152	150	1
150	153	1
153	150	1
152	155	1
155	152	1
153	160	1
160	153	1
158	159	1
159	158	1
162	163	1
163	162	1
167	168	1
168	167	1
180	181	1
181	180	1
