0	1	1
1	0	1
0	2	1
2	0	1
0	3	1
3	0	1
0	7	1
7	0	1
0	264	1
264	0	1
1	7	1
7	1	1
1	195	1
195	1	1
2	7	1
7	2	1
2	11	1
11	2	1
2	19	1
19	2	1
2	96	1
96	2	1
2	240	1
240	2	1
3	4	1
4	3	1
3	7	1
7	3	1
4	7	1
7	4	1
5	6	1
6	5	1
6	7	1
7	6	1
6	27	1
27	6	1
6	122	1
122	6	1
6	124	1
124	6	1
6	183	1
183	6	1
7	8	1
8	7	1
7	9	1
9	7	1
7	10	1
10	7	1
7	11	1
11	7	1
7	12	1
12	7	1
7	13	1
13	7	1
7	14	1
14	7	1
7	15	1
15	7	1
7	16	1
16	7	1
7	17	1
17	7	1
7	18	1
18	7	1
7	19	1
19	7	1
7	20	1
20	7	1
7	21	1
21	7	1
7	22	1
22	7	1
7	23	1
23	7	1
7	24	1
24	7	1
7	25	1
25	7	1
7	26	1
26	7	1
7	27	1
27	7	1
7	28	1
28	7	1
7	29	1
29	7	1
7	30	1
30	7	1
7	31	1
31	7	1
7	32	1
32	7	1
7	33	1
33	7	1
7	34	1
34	7	1
7	35	1
35	7	1
7	36	1
36	7	1
7	37	1
37	7	1
7	38	1
38	7	1
7	39	1
39	7	1
7	40	1
40	7	1
7	41	1
41	7	1
7	42	1
42	7	1
7	43	1
43	7	1
7	44	1
44	7	1
7	45	1
45	7	1
7	46	1
46	7	1
7	47	1
47	7	1
7	48	1
48	7	1
7	49	1
49	7	1
7	50	1
50	7	1
7	51	1
51	7	1
7	52	1
52	7	1
7	53	1
53	7	1
7	54	1
54	7	1
7	55	1
55	7	1
7	56	1
56	7	1
7	57	1
57	7	1
7	58	1
58	7	1
7	59	1
59	7	1
7	60	1
60	7	1
7	61	1
61	7	1
7	62	1
62	7	1
7	63	1
63	7	1
7	64	1
64	7	1
7	65	1
65	7	1
7	66	1
66	7	1
7	67	1
67	7	1
7	68	1
68	7	1
7	69	1
69	7	1
7	70	1
70	7	1
7	71	1
71	7	1
7	72	1
72	7	1
7	73	1
73	7	1
7	74	1
74	7	1
7	75	1
75	7	1
7	76	1
76	7	1
7	77	1
77	7	1
7	78	1
78	7	1
7	79	1
79	7	1
7	80	1
80	7	1
7	81	1
81	7	1
7	82	1
82	7	1
7	83	1
83	7	1
7	84	1
84	7	1
7	85	1
85	7	1
7	86	1
86	7	1
7	87	1
87	7	1
7	88	1
88	7	1
7	89	1
89	7	1
7	90	1
90	7	1
7	91	1
91	7	1
7	92	1
92	7	1
7	93	1
93	7	1
7	94	1
94	7	1
7	95	1
95	7	1
7	96	1
96	7	1
7	97	1
97	7	1
7	98	1
98	7	1
7	99	1
99	7	1
7	100	1
100	7	1
7	101	1
101	7	1
7	102	1
102	7	1
7	103	1
103	7	1
7	104	1
104	7	1
7	105	1
105	7	1
7	106	1
106	7	1
7	107	1
107	7	1
7	108	1
108	7	1
7	109	1
109	7	1
7	110	1
110	7	1
7	111	1
111	7	1
7	112	1
112	7	1
7	113	1
113	7	1
7	114	1
114	7	1
7	115	1
115	7	1
7	116	1
116	7	1
7	117	1
117	7	1
7	118	1
118	7	1
7	119	1
119	7	1
7	120	1
120	7	1
7	121	1
121	7	1
7	122	1
122	7	1
7	123	1
123	7	1
8	41	1
41	8	1
8	92	1
92	8	1
9	23	1
23	9	1
9	55	1
55	9	1
9	81	1
81	9	1
9	132	1
132	9	1
9	133	1
133	9	1
9	134	1
134	9	1
9	135	1
135	9	1
10	30	1
30	10	1
10	31	1
31	10	1
11	96	1
96	11	1
12	184	1
184	12	1
12	234	1
234	12	1
12	253	1
253	12	1
13	138	1
138	13	1
16	30	1
30	16	1
16	31	1
31	16	1
17	146	1
146	17	1
17	147	1
147	17	1
18	30	1
30	18	1
18	31	1
31	18	1
19	20	1
20	19	1
19	21	1
21	19	1
19	40	1
40	19	1
19	109	1
109	19	1
19	159	1
159	19	1
19	166	1
166	19	1
20	159	1
159	20	1
21	166	1
166	21	1
22	30	1
30	22	1
22	31	1
31	22	1
22	124	1
124	22	1
22	183	1
183	22	1
23	133	1
133	23	1
23	134	1
134	23	1
24	148	1
148	24	1
24	150	1
150	24	1
24	151	1
151	24	1
24	152	1
152	24	1
24	180	1
180	24	1
24	183	1
183	24	1
25	43	1
43	25	1
25	102	1
102	25	1
25	113	1
113	25	1
25	136	1
136	25	1
25	188	1
188	25	1
25	234	1
234	25	1
26	145	1
145	26	1
26	263	1
263	26	1
27	155	1
155	27	1
28	166	1
166	28	1
29	157	1
157	29	1
29	158	1
158	29	1
30	108	1
108	30	1
30	150	1
150	30	1
30	151	1
151	30	1
30	152	1
152	30	1
30	161	1
161	30	1
30	162	1
162	30	1
30	209	1
209	30	1
30	214	1
214	30	1
30	248	1
248	30	1
30	258	1
258	30	1
31	108	1
108	31	1
31	161	1
161	31	1
31	209	1
209	31	1
31	214	1
214	31	1
31	248	1
248	31	1
31	258	1
258	31	1
34	176	1
176	34	1
35	133	1
133	35	1
37	39	1
39	37	1
38	39	1
39	38	1
39	189	1
189	39	1
40	69	1
69	40	1
40	94	1
94	40	1
40	195	1
195	40	1
40	196	1
196	40	1
40	197	1
197	40	1
40	198	1
198	40	1
40	199	1
199	40	1
40	200	1
200	40	1
41	201	1
201	41	1
42	234	1
234	42	1
43	62	1
62	43	1
43	113	1
113	43	1
43	119	1
119	43	1
43	136	1
136	43	1
43	141	1
141	43	1
43	186	1
186	43	1
43	188	1
188	43	1
43	227	1
227	43	1
45	95	1
95	45	1
45	166	1
166	45	1
45	169	1
169	45	1
45	185	1
185	45	1
45	263	1
263	45	1
46	83	1
83	46	1
46	190	1
190	46	1
47	62	1
62	47	1
48	178	1
178	48	1
48	224	1
224	48	1
49	185	1
185	49	1
50	170	1
170	50	1
50	178	1
178	50	1
50	185	1
185	50	1
51	106	1
106	51	1
52	210	1
210	52	1
54	150	1
150	54	1
54	151	1
151	54	1
54	152	1
152	54	1
55	133	1
133	55	1
56	133	1
133	56	1
57	83	1
83	57	1
58	150	1
150	58	1
58	151	1
151	58	1
58	152	1
152	58	1
58	178	1
178	58	1
58	206	1
206	58	1
58	216	1
216	58	1
60	242	1
242	60	1
62	64	1
64	62	1
62	147	1
147	62	1
62	158	1
158	62	1
62	184	1
184	62	1
62	186	1
186	62	1
62	220	1
220	62	1
62	221	1
221	62	1
63	150	1
150	63	1
63	151	1
151	63	1
63	152	1
152	63	1
63	206	1
206	63	1
64	97	1
97	64	1
64	119	1
119	64	1
64	139	1
139	64	1
64	140	1
140	64	1
64	141	1
141	64	1
64	142	1
142	64	1
64	143	1
143	64	1
64	186	1
186	64	1
64	225	1
225	64	1
64	226	1
226	64	1
64	227	1
227	64	1
65	66	1
66	65	1
65	163	1
163	65	1
65	166	1
166	65	1
66	163	1
163	66	1
66	184	1
184	66	1
66	206	1
206	66	1
66	207	1
207	66	1
67	261	1
261	67	1
68	242	1
242	68	1
70	102	1
102	70	1
70	234	1
234	70	1
71	72	1
72	71	1
71	166	1
166	71	1
73	173	1
173	73	1
73	177	1
177	73	1
73	195	1
195	73	1
76	241	1
241	76	1
79	89	1
89	79	1
80	261	1
261	80	1
81	83	1
83	81	1
81	190	1
190	81	1
82	174	1
174	82	1
83	118	1
118	83	1
83	120	1
120	83	1
83	126	1
126	83	1
83	127	1
127	83	1
83	178	1
178	83	1
83	190	1
190	83	1
85	145	1
145	85	1
85	180	1
180	85	1
85	183	1
183	85	1
87	249	1
249	87	1
89	193	1
193	89	1
89	237	1
237	89	1
94	197	1
197	94	1
94	198	1
198	94	1
94	199	1
199	94	1
94	200	1
200	94	1
95	96	1
96	95	1
96	202	1
202	96	1
97	119	1
119	97	1
99	100	1
100	99	1
99	195	1
195	99	1
99	196	1
196	99	1
101	234	1
234	101	1
102	113	1
113	102	1
102	234	1
234	102	1
103	135	1
135	103	1
103	156	1
156	103	1
103	229	1
229	103	1
103	232	1
232	103	1
103	237	1
237	103	1
103	252	1
252	103	1
105	163	1
163	105	1
106	107	1
107	106	1
108	254	1
254	108	1
109	159	1
159	109	1
109	256	1
256	109	1
110	175	1
175	110	1
113	234	1
234	113	1
115	116	1
116	115	1
115	166	1
166	115	1
115	262	1
262	115	1
116	166	1
166	116	1
116	180	1
180	116	1
116	223	1
223	116	1
117	183	1
183	117	1
118	190	1
190	118	1
118	246	1
246	118	1
118	261	1
261	118	1
119	141	1
141	119	1
119	147	1
147	119	1
119	186	1
186	119	1
119	188	1
188	119	1
119	221	1
221	119	1
119	242	1
242	119	1
119	260	1
260	119	1
121	237	1
237	121	1
124	125	1
125	124	1
127	128	1
128	127	1
127	129	1
129	127	1
127	132	1
132	127	1
129	190	1
190	129	1
130	131	1
131	130	1
131	203	1
203	131	1
131	204	1
204	131	1
131	205	1
205	131	1
132	156	1
156	132	1
133	134	1
134	133	1
134	192	1
192	134	1
134	193	1
193	134	1
136	137	1
137	136	1
137	188	1
188	137	1
137	208	1
208	137	1
137	217	1
217	137	1
139	140	1
140	139	1
139	141	1
141	139	1
140	141	1
141	140	1
140	142	1
142	140	1
141	142	1
142	141	1
141	143	1
143	141	1
141	186	1
186	141	1
141	187	1
187	141	1
142	143	1
143	142	1
142	224	1
224	142	1
144	145	1
145	144	1
145	176	1
176	145	1
146	242	1
242	146	1
147	242	1
242	147	1
148	149	1
149	148	1
150	215	1
215	150	1
150	222	1
222	150	1
150	235	1
235	150	1
150	251	1
251	150	1
150	255	1
255	150	1
151	215	1
215	151	1
151	222	1
222	151	1
151	235	1
235	151	1
151	251	1
251	151	1
151	255	1
255	151	1
152	215	1
215	152	1
152	222	1
222	152	1
152	235	1
235	152	1
152	251	1
251	152	1
152	255	1
255	152	1
153	154	1
154	153	1
153	166	1
166	153	1
157	259	1
259	157	1
157	261	1
261	157	1
159	160	1
160	159	1
159	163	1
163	159	1
159	194	1
194	159	1
159	211	1
211	159	1
159	250	1
250	159	1
160	166	1
166	160	1
160	228	1
228	160	1
162	248	1
248	162	1
163	164	1
164	163	1
163	165	1
165	163	1
164	257	1
257	164	1
165	166	1
166	165	1
166	167	1
167	166	1
166	168	1
168	166	1
166	169	1
169	166	1
166	170	1
170	166	1
166	171	1
171	166	1
166	172	1
172	166	1
166	173	1
173	166	1
166	174	1
174	166	1
166	175	1
175	166	1
167	168	1
168	167	1
171	228	1
228	171	1
172	233	1
233	172	1
176	180	1
180	176	1
177	247	1
247	177	1
178	179	1
179	178	1
179	237	1
237	179	1
180	223	1
223	180	1
181	182	1
182	181	1
183	190	1
190	183	1
190	191	1
191	190	1
191	246	1
246	191	1
193	237	1
237	193	1
197	200	1
200	197	1
198	199	1
199	198	1
203	204	1
204	203	1
203	205	1
205	203	1
211	212	1
212	211	1
218	219	1
219	218	1
224	225	1
225	224	1
224	263	1
263	224	1
231	232	1
232	231	1
238	239	1
239	238	1
238	240	1
240	238	1
238	241	1
241	238	1
240	241	1
241	240	1
242	243	1
243	242	1
244	245	1
245	244	1
