0	1	1
1	0	1
0	2	1
2	0	1
0	3	1
3	0	1
0	193	1
193	0	1
1	4	1
4	1	1
1	196	1
196	1	1
2	4	1
4	2	1
2	58	1
58	2	1
2	121	1
121	2	1
2	123	1
123	2	1
3	4	1
4	3	1
4	5	1
5	4	1
4	6	1
6	4	1
4	7	1
7	4	1
4	8	1
8	4	1
4	9	1
9	4	1
4	10	1
10	4	1
4	11	1
11	4	1
4	12	1
12	4	1
4	13	1
13	4	1
4	14	1
14	4	1
4	15	1
15	4	1
4	16	1
16	4	1
4	17	1
17	4	1
4	18	1
18	4	1
4	19	1
19	4	1
4	20	1
20	4	1
4	21	1
21	4	1
4	22	1
22	4	1
4	23	1
23	4	1
4	24	1
24	4	1
4	25	1
25	4	1
4	26	1
26	4	1
4	27	1
27	4	1
4	28	1
28	4	1
4	29	1
29	4	1
4	30	1
30	4	1
4	31	1
31	4	1
4	32	1
32	4	1
4	33	1
33	4	1
4	34	1
34	4	1
4	35	1
35	4	1
4	36	1
36	4	1
4	37	1
37	4	1
4	38	1
38	4	1
4	39	1
39	4	1
4	40	1
40	4	1
4	41	1
41	4	1
4	42	1
42	4	1
4	43	1
43	4	1
4	44	1
44	4	1
4	45	1
45	4	1
4	46	1
46	4	1
4	47	1
47	4	1
4	48	1
48	4	1
4	49	1
49	4	1
4	50	1
50	4	1
4	51	1
51	4	1
4	52	1
52	4	1
4	53	1
53	4	1
4	54	1
54	4	1
4	55	1
55	4	1
4	56	1
56	4	1
4	57	1
57	4	1
4	58	1
58	4	1
4	59	1
59	4	1
4	60	1
60	4	1
4	61	1
61	4	1
4	62	1
62	4	1
4	63	1
63	4	1
4	64	1
64	4	1
4	65	1
65	4	1
4	66	1
66	4	1
4	67	1
67	4	1
4	68	1
68	4	1
4	69	1
69	4	1
4	70	1
70	4	1
4	71	1
71	4	1
4	72	1
72	4	1
4	73	1
73	4	1
4	74	1
74	4	1
4	75	1
75	4	1
4	76	1
76	4	1
4	77	1
77	4	1
4	78	1
78	4	1
4	79	1
79	4	1
4	80	1
80	4	1
4	81	1
81	4	1
4	82	1
82	4	1
4	83	1
83	4	1
4	84	1
84	4	1
4	85	1
85	4	1
4	86	1
86	4	1
4	87	1
87	4	1
4	88	1
88	4	1
4	89	1
89	4	1
4	90	1
90	4	1
4	91	1
91	4	1
4	92	1
92	4	1
4	93	1
93	4	1
4	94	1
94	4	1
4	95	1
95	4	1
4	96	1
96	4	1
4	97	1
97	4	1
4	98	1
98	4	1
4	99	1
99	4	1
4	100	1
100	4	1
4	101	1
101	4	1
4	102	1
102	4	1
4	103	1
103	4	1
4	104	1
104	4	1
4	105	1
105	4	1
4	106	1
106	4	1
4	107	1
107	4	1
4	108	1
108	4	1
4	109	1
109	4	1
4	110	1
110	4	1
4	111	1
111	4	1
4	112	1
112	4	1
4	113	1
113	4	1
4	114	1
114	4	1
4	115	1
115	4	1
4	116	1
116	4	1
4	117	1
117	4	1
4	118	1
118	4	1
4	119	1
119	4	1
4	120	1
120	4	1
4	121	1
121	4	1
4	122	1
122	4	1
4	123	1
123	4	1
5	184	1
184	5	1
6	22	1
22	6	1
6	176	1
176	6	1
7	83	1
83	7	1
8	148	1
148	8	1
10	75	1
75	10	1
11	14	1
14	11	1
11	17	1
17	11	1
11	77	1
77	11	1
11	149	1
149	11	1
11	154	1
154	11	1
11	161	1
161	11	1
11	207	1
207	11	1
13	29	1
29	13	1
14	153	1
153	14	1
14	159	1
159	14	1
14	163	1
163	14	1
14	171	1
171	14	1
15	40	1
40	15	1
15	182	1
182	15	1
15	183	1
183	15	1
16	137	1
137	16	1
17	159	1
159	17	1
17	186	1
186	17	1
18	31	1
31	18	1
18	34	1
34	18	1
18	39	1
39	18	1
18	79	1
79	18	1
18	87	1
87	18	1
18	88	1
88	18	1
18	91	1
91	18	1
18	145	1
145	18	1
18	185	1
185	18	1
18	225	1
225	18	1
19	122	1
122	19	1
19	133	1
133	19	1
19	193	1
193	19	1
20	164	1
164	20	1
21	63	1
63	21	1
21	71	1
71	21	1
21	165	1
165	21	1
21	169	1
169	21	1
21	221	1
221	21	1
22	46	1
46	22	1
23	197	1
197	23	1
23	211	1
211	23	1
24	187	1
187	24	1
25	136	1
136	25	1
25	175	1
175	25	1
25	177	1
177	25	1
27	122	1
122	27	1
27	179	1
179	27	1
28	29	1
29	28	1
28	149	1
149	28	1
28	188	1
188	28	1
29	33	1
33	29	1
29	83	1
83	29	1
29	198	1
198	29	1
29	217	1
217	29	1
31	225	1
225	31	1
32	123	1
123	32	1
33	108	1
108	33	1
34	87	1
87	34	1
34	106	1
106	34	1
34	141	1
141	34	1
36	87	1
87	36	1
36	190	1
190	36	1
36	225	1
225	36	1
37	123	1
123	37	1
38	56	1
56	38	1
38	72	1
72	38	1
38	170	1
170	38	1
38	191	1
191	38	1
38	192	1
192	38	1
38	225	1
225	38	1
39	225	1
225	39	1
40	60	1
60	40	1
41	51	1
51	41	1
41	190	1
190	41	1
44	123	1
123	44	1
44	185	1
185	44	1
45	118	1
118	45	1
45	211	1
211	45	1
46	98	1
98	46	1
46	160	1
160	46	1
47	227	1
227	47	1
48	134	1
134	48	1
48	151	1
151	48	1
49	187	1
187	49	1
50	187	1
187	50	1
51	60	1
60	51	1
51	199	1
199	51	1
51	216	1
216	51	1
52	123	1
123	52	1
54	151	1
151	54	1
54	170	1
170	54	1
55	121	1
121	55	1
56	192	1
192	56	1
56	199	1
199	56	1
56	214	1
214	56	1
58	94	1
94	58	1
59	221	1
221	59	1
60	79	1
79	60	1
60	87	1
87	60	1
62	121	1
121	62	1
62	153	1
153	62	1
63	76	1
76	63	1
63	78	1
78	63	1
63	92	1
92	63	1
63	122	1
122	63	1
63	179	1
179	63	1
63	193	1
193	63	1
64	206	1
206	64	1
65	119	1
119	65	1
66	126	1
126	66	1
66	128	1
128	66	1
66	130	1
130	66	1
66	147	1
147	66	1
71	221	1
221	71	1
72	218	1
218	72	1
72	227	1
227	72	1
73	119	1
119	73	1
73	220	1
220	73	1
75	173	1
173	75	1
75	204	1
204	75	1
75	225	1
225	75	1
75	227	1
227	75	1
77	162	1
162	77	1
78	113	1
113	78	1
79	87	1
87	79	1
79	88	1
88	79	1
80	140	1
140	80	1
81	187	1
187	81	1
83	200	1
200	83	1
84	208	1
208	84	1
85	191	1
191	85	1
86	181	1
181	86	1
87	88	1
88	87	1
87	106	1
106	87	1
87	209	1
209	87	1
91	225	1
225	91	1
92	122	1
122	92	1
92	193	1
193	92	1
93	135	1
135	93	1
93	150	1
150	93	1
95	222	1
222	95	1
97	119	1
119	97	1
97	149	1
149	97	1
98	122	1
122	98	1
98	172	1
172	98	1
98	192	1
192	98	1
99	119	1
119	99	1
99	123	1
123	99	1
99	145	1
145	99	1
100	222	1
222	100	1
101	190	1
190	101	1
101	199	1
199	101	1
105	121	1
121	105	1
106	110	1
110	106	1
106	141	1
141	106	1
106	216	1
216	106	1
107	122	1
122	107	1
109	225	1
225	109	1
111	141	1
141	111	1
112	193	1
193	112	1
115	190	1
190	115	1
115	222	1
222	115	1
116	221	1
221	116	1
119	120	1
120	119	1
119	149	1
149	119	1
119	202	1
202	119	1
120	149	1
149	120	1
120	188	1
188	120	1
121	224	1
224	121	1
122	193	1
193	122	1
123	174	1
174	123	1
123	229	1
229	123	1
125	126	1
126	125	1
126	189	1
189	126	1
130	131	1
131	130	1
132	133	1
133	132	1
132	134	1
134	132	1
133	134	1
134	133	1
133	219	1
219	133	1
135	136	1
136	135	1
136	195	1
195	136	1
137	138	1
138	137	1
137	139	1
139	137	1
139	212	1
212	139	1
140	141	1
141	140	1
141	168	1
168	141	1
141	209	1
209	141	1
144	210	1
210	144	1
147	217	1
217	147	1
148	149	1
149	148	1
149	188	1
188	149	1
149	202	1
202	149	1
149	207	1
207	149	1
151	152	1
152	151	1
151	218	1
218	151	1
152	218	1
218	152	1
153	154	1
154	153	1
153	206	1
206	153	1
154	157	1
157	154	1
154	170	1
170	154	1
155	156	1
156	155	1
157	158	1
158	157	1
157	159	1
159	157	1
158	159	1
159	158	1
159	210	1
210	159	1
161	162	1
162	161	1
162	179	1
179	162	1
165	166	1
166	165	1
165	167	1
167	165	1
170	218	1
218	170	1
172	173	1
173	172	1
175	195	1
195	175	1
178	179	1
179	178	1
180	181	1
181	180	1
181	221	1
221	181	1
182	217	1
217	182	1
185	199	1
199	185	1
185	216	1
216	185	1
185	222	1
222	185	1
186	201	1
201	186	1
187	195	1
195	187	1
190	199	1
199	190	1
192	199	1
199	192	1
192	214	1
214	192	1
193	201	1
201	193	1
199	200	1
200	199	1
202	220	1
220	202	1
218	225	1
225	218	1
218	227	1
227	218	1
225	226	1
226	225	1
225	227	1
227	225	1
