265
0	1
0	2
0	3
0	7
0	264
1	7
1	195
2	7
2	11
2	19
2	96
2	240
3	4
3	7
4	7
5	6
6	7
6	27
6	122
6	124
6	183
7	8
7	9
7	10
7	11
7	12
7	13
7	14
7	15
7	16
7	17
7	18
7	19
7	20
7	21
7	22
7	23
7	24
7	25
7	26
7	27
7	28
7	29
7	30
7	31
7	32
7	33
7	34
7	35
7	36
7	37
7	38
7	39
7	40
7	41
7	42
7	43
7	44
7	45
7	46
7	47
7	48
7	49
7	50
7	51
7	52
7	53
7	54
7	55
7	56
7	57
7	58
7	59
7	60
7	61
7	62
7	63
7	64
7	65
7	66
7	67
7	68
7	69
7	70
7	71
7	72
7	73
7	74
7	75
7	76
7	77
7	78
7	79
7	80
7	81
7	82
7	83
7	84
7	85
7	86
7	87
7	88
7	89
7	90
7	91
7	92
7	93
7	94
7	95
7	96
7	97
7	98
7	99
7	100
7	101
7	102
7	103
7	104
7	105
7	106
7	107
7	108
7	109
7	110
7	111
7	112
7	113
7	114
7	115
7	116
7	117
7	118
7	119
7	120
7	121
7	122
7	123
8	41
8	92
9	23
9	55
9	81
9	132
9	133
9	134
9	135
10	30
10	31
11	96
12	184
12	234
12	253
13	138
16	30
16	31
17	146
17	147
18	30
18	31
19	20
19	21
19	40
19	109
19	159
19	166
20	159
21	166
22	30
22	31
22	124
22	183
23	133
23	134
24	148
24	150
24	151
24	152
24	180
24	183
25	43
25	102
25	113
25	136
25	188
25	234
26	145
26	263
27	155
28	166
29	157
29	158
30	108
30	150
30	151
30	152
30	161
30	162
30	209
30	214
30	248
30	258
31	108
31	161
31	209
31	214
31	248
31	258
34	176
35	133
37	39
38	39
39	189
40	69
40	94
40	195
40	196
40	197
40	198
40	199
40	200
41	201
42	234
43	62
43	113
43	119
43	136
43	141
43	186
43	188
43	227
45	95
45	166
45	169
45	185
45	263
46	83
46	190
47	62
48	178
48	224
49	185
50	170
50	178
50	185
51	106
52	210
54	150
54	151
54	152
55	133
56	133
57	83
58	150
58	151
58	152
58	178
58	206
58	216
60	242
62	64
62	147
62	158
62	184
62	186
62	220
62	221
63	150
63	151
63	152
63	206
64	97
64	119
64	139
64	140
64	141
64	142
64	143
64	186
64	225
64	226
64	227
65	66
65	163
65	166
66	163
66	184
66	206
66	207
67	261
68	242
70	102
70	234
71	72
71	166
73	173
73	177
73	195
76	241
79	89
80	261
81	83
81	190
82	174
83	118
83	120
83	126
83	127
83	178
83	190
85	145
85	180
85	183
87	249
89	193
89	237
94	197
94	198
94	199
94	200
95	96
96	202
97	119
99	100
99	195
99	196
101	234
102	113
102	234
103	135
103	156
103	229
103	232
103	237
103	252
105	163
106	107
108	254
109	159
109	256
110	175
113	234
115	116
115	166
115	262
116	166
116	180
116	223
117	183
118	190
118	246
118	261
119	141
119	147
119	186
119	188
119	221
119	242
119	260
121	237
124	125
127	128
127	129
127	132
129	190
130	131
131	203
131	204
131	205
132	156
133	134
134	192
134	193
136	137
137	188
137	208
137	217
139	140
139	141
140	141
140	142
141	142
141	143
141	186
141	187
142	143
142	224
144	145
145	176
146	242
147	242
148	149
150	215
150	222
150	235
150	251
150	255
151	215
151	222
151	235
151	251
151	255
152	215
152	222
152	235
152	251
152	255
153	154
153	166
157	259
157	261
159	160
159	163
159	194
159	211
159	250
160	166
160	228
162	248
163	164
163	165
164	257
165	166
166	167
166	168
166	169
166	170
166	171
166	172
166	173
166	174
166	175
167	168
171	228
172	233
176	180
177	247
178	179
179	237
180	223
181	182
183	190
190	191
191	246
193	237
197	200
198	199
203	204
203	205
211	212
218	219
224	225
224	263
231	232
238	239
238	240
238	241
240	241
242	243
244	245
