70	4
194	0
75	0
7	0
34	2
172	1
142	2
155	1
135	2
152	4
4	2
116	2
93	4
107	0
94	3
119	0
153	0
192	3
159	0
56	0
33	2
110	0
150	4
58	3
146	2
164	2
57	0
98	0
29	0
131	2
81	3
76	0
126	2
26	0
69	0
129	2
145	2
125	2
136	0
139	2
68	0
85	0
127	0
138	0
117	2
38	2
156	1
79	0
170	1
178	1
66	0
104	4
11	1
130	2
134	2
154	0
143	2
18	3
55	0
189	1
6	2
88	3
46	4
186	1
50	4
118	2
9	2
133	4
47	4
1	4
137	4
3	4
187	3
92	0
113	0
168	0
73	0
182	2
111	0
108	0
71	0
124	0
21	1
95	3
97	0
132	2
59	0
99	0
191	3
183	1
165	4
167	2
193	2
82	3
128	0
114	0
162	2
96	0
77	0
42	3
86	0
17	4
41	4
122	0
87	0
74	0
32	3
35	2
173	4
45	4
12	3
80	4
2	0
140	4
103	0
65	4
60	0
16	0
61	4
112	3
100	0
53	0
14	0
89	0
78	0
67	0
54	0
163	0
177	1
106	0
109	0
84	0
148	4
0	0
91	0
144	2
121	0
190	0
188	1
52	0
40	2
179	1
24	0
43	3
51	4
25	2
72	0
13	2
160	1
169	2
174	2
175	2
184	0
90	4
83	0
181	0
22	1
8	0
23	2
166	1
120	0
161	0
180	1
102	0
44	4
15	4
105	4
36	2
62	0
101	0
151	0
28	3
149	4
10	0
115	0
37	2
27	0
157	4
31	1
176	1
63	0
123	2
20	3
30	0
49	4
141	2
185	3
5	0
158	3
48	4
147	2
64	0
39	2
171	0
19	4
