1576	3
836	0
2132	0
864	4
417	0
1691	0
1525	4
1247	1
2349	1
573	4
2025	0
2161	3
554	4
625	0
736	3
1589	3
1406	3
203	2
1867	0
86	5
89	5
90	5
381	0
1398	3
430	0
2267	0
705	4
567	4
739	0
1155	4
773	3
2150	6
506	4
2406	1
2704	0
2706	0
2339	3
1932	0
1929	0
2707	0
1931	0
2546	5
27	5
2654	0
1231	0
80	5
2111	0
9	5
205	2
87	5
549	1
986	2
2144	6
528	1
2624	3
2366	0
719	0
856	2
570	0
2409	0
375	1
1998	1
2154	0
338	0
1423	3
2183	0
2188	6
1064	0
2579	0
2247	0
2682	4
1472	3
2630	3
985	2
156	5
2102	5
1049	3
35	5
264	5
1088	1
225	2
1529	6
2315	0
1217	6
1569	6
1622	0
1568	6
859	4
1607	0
2277	3
1896	4
1273	4
842	3
1989	0
1585	0
764	0
2030	0
2326	0
2609	3
2087	3
2607	0
425	0
2597	3
1907	5
1545	3
1200	4
400	0
399	0
761	4
2645	5
2367	0
2666	0
2628	3
505	3
515	4
2117	0
142	5
1245	1
1258	4
395	0
420	0
706	6
2032	3
1608	0
640	0
582	0
237	6
1973	5
890	4
2562	0
2090	5
287	3
1449	2
441	0
2543	5
121	5
1781	0
912	0
847	3
1140	1
1818	3
458	6
291	0
310	6
419	0
423	0
418	0
2189	6
795	6
2676	0
1669	2
407	0
830	0
260	2
935	2
2034	3
1030	5
2215	0
336	1
2492	1
1658	6
1389	4
1229	0
2399	0
1512	6
1405	3
1559	4
1790	0
1560	4
2035	3
1834	0
8	5
2508	3
51	5
2667	0
2331	3
924	4
657	3
1152	1
2506	6
1903	3
2258	0
2642	5
593	0
685	6
1036	0
592	0
2395	0
1157	3
1224	0
2260	5
1267	4
1401	3
82	5
2305	0
2207	6
2084	4
384	0
1260	4
1078	1
466	5
837	0
501	6
1526	6
1370	6
1771	0
1813	5
1361	3
2201	0
1945	5
2064	3
1113	0
1893	4
2338	3
2414	6
2605	3
123	5
1115	0
433	0
1037	4
1038	0
2108	4
1042	3
370	4
1080	4
1233	0
2520	3
2352	0
334	1
1967	1
1891	4
44	5
1588	4
1419	0
2658	3
1958	6
1124	0
2284	0
1436	3
1368	3
1747	0
1292	0
1050	3
2701	0
2346	0
866	1
7	5
930	0
2254	0
1770	5
198	2
2156	5
1714	0
2270	4
2194	4
2613	3
1099	0
2272	0
976	2
2532	0
2633	5
612	0
1904	0
2086	3
2636	0
2638	0
777	6
2103	5
2454	2
1618	3
120	5
969	2
941	2
1324	2
1803	4
556	4
988	2
262	2
223	2
261	2
440	0
2697	1
861	2
1616	0
619	0
614	0
559	4
1858	0
1053	3
1806	5
1639	5
1593	0
181	0
1979	4
1496	0
217	3
397	2
2674	0
1358	3
2266	0
1917	0
2529	5
783	4
512	3
760	4
792	4
1256	4
791	3
139	5
904	0
2318	5
973	2
1795	3
230	2
2639	0
1334	3
2001	1
1934	0
2452	5
59	5
2274	5
355	4
398	0
772	0
1647	0
1453	0
1704	0
616	0
97	5
1685	3
580	0
2504	3
2151	6
2007	3
54	5
215	3
248	2
390	0
449	6
72	5
2698	0
218	2
1452	2
117	5
1208	4
1899	0
1901	6
1359	3
234	6
193	2
348	4
1241	1
308	0
615	0
188	3
270	0
542	1
288	0
1908	5
1573	6
822	0
2325	5
2381	4
1448	5
2465	0
516	3
2379	1
638	6
47	5
1881	4
2634	5
708	4
1316	5
312	6
745	3
934	0
2621	3
191	2
2062	0
1876	5
899	3
2523	1
2421	5
2009	3
107	5
2083	4
2008	3
2051	2
731	0
2336	6
1176	5
2591	3
146	5
2069	3
2067	3
323	6
1509	6
1784	2
1275	4
729	0
1774	6
1111	0
1680	4
2018	1
1841	3
1106	0
1699	6
1565	0
2538	5
1611	0
2031	4
2213	3
491	6
2297	0
2295	0
2211	3
819	0
1296	0
823	0
1606	0
204	2
1946	5
275	0
2068	3
493	6
1034	0
944	0
519	4
1156	6
1312	5
2681	0
756	5
1697	3
453	6
646	6
1507	6
2322	6
1875	0
816	3
1187	3
1757	0
2081	0
1676	0
2430	0
949	2
1020	0
174	2
2139	6
1328	0
587	0
1564	0
1950	5
424	0
2263	1
569	4
2420	0
666	3
957	2
1651	0
800	2
1205	4
224	2
373	4
1085	1
895	6
2310	6
2039	0
868	1
869	1
436	0
1114	0
1028	1
1194	4
404	0
255	0
256	0
2250	0
863	4
2037	6
2088	3
1343	0
2400	0
1182	1
475	5
2383	3
1461	3
1207	4
696	6
206	2
881	4
2495	5
978	2
1851	0
876	4
1555	5
1425	3
561	0
840	3
1073	3
26	5
2657	3
959	2
695	6
1844	3
1356	0
694	0
1025	6
1862	4
834	0
873	4
1094	0
714	0
1612	3
2483	0
690	0
713	4
707	6
81	5
1689	0
2104	5
1090	4
2559	5
2558	5
2312	2
1674	2
521	4
455	6
1211	6
1824	1
380	2
1742	3
900	3
651	6
674	1
2180	0
1575	3
2388	0
810	4
871	1
313	6
725	0
1345	1
332	5
1365	3
2490	3
1570	6
202	2
872	1
1902	2
1617	0
1237	6
2076	0
1209	4
1341	0
915	6
183	2
733	2
1625	4
1793	4
2199	0
510	3
656	3
2651	0
1656	3
2606	0
1703	0
653	6
2016	5
1058	0
231	1
1336	0
108	5
387	4
485	6
1868	0
1541	3
1242	0
365	1
190	2
1556	6
1397	3
2518	0
342	4
1926	3
1581	3
2134	4
2471	6
2382	2
1349	4
744	2
2070	0
2298	0
1008	4
687	1
274	0
661	3
2419	6
2450	3
1497	5
301	5
1029	1
1382	0
703	6
1741	0
940	2
1269	4
2653	0
307	0
936	2
1327	2
1577	3
128	5
1238	6
1331	4
1810	5
688	6
2503	5
2451	1
112	5
2615	3
159	5
1403	3
2028	5
1959	5
2440	5
1248	1
1831	1
1027	4
1890	4
673	3
1986	1
623	0
730	0
1410	0
2147	5
28	5
1894	4
1710	0
2252	5
1769	5
683	1
351	4
950	2
2671	0
359	1
2393	0
1820	3
1006	6
1666	2
2516	3
2097	0
349	0
283	0
1232	0
1549	5
1005	6
1579	3
1009	6
2235	3
1011	6
2114	0
2397	0
860	2
2182	0
1494	0
84	2
992	3
993	4
2125	3
207	2
849	3
1794	4
1895	4
1201	4
30	5
1202	4
1553	5
2005	4
2240	6
804	0
2106	0
1462	3
353	4
1740	4
388	0
1181	4
1947	5
990	4
1179	4
680	4
2536	5
2498	5
526	4
1780	5
1246	1
1035	0
1871	3
1789	3
1051	3
1339	0
1511	6
870	1
1513	6
479	6
149	5
175	2
498	6
1476	4
1284	4
2359	0
279	0
2384	3
61	0
1463	3
2093	0
386	0
1465	3
1093	2
300	0
2243	1
1702	4
1586	1
629	0
138	5
1981	0
977	0
1969	0
182	2
2372	5
2333	2
1856	5
1557	6
1142	1
2306	0
2469	3
1753	0
2604	3
1311	5
427	2
1880	0
1487	5
1547	5
726	0
1990	5
302	0
2027	5
1416	4
1759	0
1956	4
1912	0
2332	0
1178	4
564	4
1935	3
951	6
1360	3
1711	0
2135	0
296	0
1719	3
1369	6
1924	3
1287	4
2467	0
2353	0
148	5
200	2
2350	0
1574	3
1366	3
2006	3
2340	3
1796	3
1632	4
422	0
2176	3
1125	4
1922	6
926	4
2491	3
2208	6
1047	3
221	2
639	0
2177	3
759	0
2525	4
1655	2
2585	0
1195	3
1869	1
585	0
1749	0
539	1
877	0
1493	0
2378	0
1826	1
1928	0
1183	1
2210	3
2115	4
1580	3
857	0
529	1
379	0
1729	4
2511	0
1738	4
1457	0
841	3
171	2
1167	5
127	5
140	5
948	2
1614	0
2442	3
984	6
2643	1
1396	6
1057	0
102	5
2023	4
229	2
2527	5
269	0
669	3
133	5
825	0
2345	0
1882	4
2489	0
165	5
1652	0
2678	0
785	6
628	0
1578	3
2480	3
1225	4
1271	4
552	4
894	6
1853	6
1092	0
105	5
1865	0
1054	3
2099	6
249	2
1682	5
1235	0
2357	5
2354	0
2269	5
717	0
2448	5
416	0
1377	6
304	0
888	5
1854	4
1498	0
1797	3
2402	0
1883	0
2700	0
2316	4
1884	0
85	5
2611	3
2589	3
1222	6
1031	6
66	6
482	6
486	6
484	6
1518	6
141	5
499	6
2581	3
1734	0
1168	2
956	5
1173	5
797	4
794	4
2361	3
2641	0
2362	3
937	2
114	5
979	2
1663	5
2329	0
980	2
2380	4
178	2
446	6
1821	0
1870	1
2044	5
383	0
1695	3
467	3
679	4
2464	0
1746	4
2308	0
2170	3
702	6
1861	4
2426	0
1772	0
722	2
799	6
1971	5
1668	2
727	0
2292	0
2287	0
2460	3
1393	6
2377	3
1603	0
1489	4
1283	4
741	0
1754	5
1133	1
793	1
2271	4
1885	2
1964	5
1798	3
25	5
1667	2
71	5
62	5
1665	2
95	5
194	2
2612	3
14	5
1775	6
1859	0
826	3
1673	2
2475	0
179	2
1019	4
1524	6
2314	6
889	6
814	0
1372	6
925	4
1148	0
445	0
770	0
1151	0
1718	3
1052	3
434	0
2514	0
897	6
1251	1
2120	6
1255	4
1250	4
50	5
1314	5
850	3
278	0
678	6
1400	3
1193	4
642	6
15	0
487	6
1587	4
2265	2
1335	0
1024	4
1076	1
1337	0
1342	0
2695	0
824	0
2160	3
1954	5
2415	3
273	0
2283	0
1679	4
2699	0
503	6
2288	4
1992	5
560	4
209	2
1514	6
2553	5
1321	0
439	0
2537	5
40	5
525	6
1290	4
1644	1
2152	4
1723	3
675	4
1930	0
2603	3
2539	5
2303	0
240	3
2074	0
524	6
409	0
158	6
2431	4
1265	4
923	4
2502	5
1599	4
2493	4
1889	1
1305	4
892	6
1306	4
1197	6
641	6
578	4
893	6
2478	3
884	4
1879	4
1483	2
1310	5
22	5
1938	5
1441	2
738	0
31	5
737	0
1301	0
1220	6
916	6
160	5
1591	3
1520	6
343	4
1164	5
1936	4
29	5
492	6
1223	0
2374	5
103	5
494	1
115	5
663	3
1878	3
328	5
1988	5
2663	0
2669	3
212	2
1788	3
2146	5
1192	4
1653	4
1340	0
1308	2
21	5
2136	5
358	0
1534	0
2095	3
1761	0
1495	0
406	4
2344	0
575	4
421	0
1040	0
788	4
2505	1
245	2
754	0
2484	3
931	0
583	3
1773	0
1252	4
546	1
545	1
544	1
168	5
2656	3
1696	3
403	0
1845	0
2509	3
289	0
1847	0
1210	4
913	0
478	3
428	0
2328	0
2444	3
709	3
1294	0
1840	3
2439	0
34	5
2221	0
662	3
306	0
835	0
1692	0
489	6
2155	0
2500	5
488	6
846	4
293	0
101	5
1	5
238	3
2293	0
325	5
331	2
633	6
1439	3
998	6
2205	3
1043	3
2549	5
1621	5
456	6
1800	3
1763	0
1095	4
2446	5
1414	0
1055	3
1056	3
319	6
1378	0
2428	0
2256	3
2468	5
192	2
2403	0
1131	4
594	0
1779	3
1249	4
2017	1
1442	3
779	4
1802	6
698	6
1972	5
1198	0
147	5
329	5
2563	0
958	2
684	6
1808	5
48	5
1984	5
2113	5
1032	6
134	5
258	6
805	6
1748	0
1281	4
2121	3
1102	2
2236	3
2411	2
454	1
472	0
162	2
604	0
2392	0
2365	0
1354	5
962	2
1170	2
1002	6
1460	3
295	0
1376	1
294	0
946	0
1623	0
2587	3
1535	4
1634	4
2061	6
774	0
598	0
1827	1
2237	3
1153	4
1444	0
1897	0
1163	6
955	0
429	0
2472	6
502	6
1500	0
932	2
1112	0
113	5
1108	0
2234	5
1458	1
2423	5
1725	3
1077	1
771	4
1546	4
272	0
410	0
2626	3
116	5
2462	0
1543	3
1816	3
1477	3
2107	0
1426	3
1540	3
996	4
1384	4
939	5
1980	5
919	4
1304	4
1613	3
851	4
1791	3
2053	1
547	4
1642	0
1326	2
2541	0
2432	0
1941	5
1942	5
1937	5
1736	5
1531	0
413	0
1066	0
742	0
1943	5
753	5
367	0
590	3
83	4
401	0
815	0
627	0
67	2
596	0
443	0
2620	3
2540	4
693	6
1693	0
354	4
2330	3
882	4
2390	5
24	5
2575	3
2535	5
1505	4
1811	5
2056	3
700	6
780	1
2216	0
632	0
2036	6
2253	5
1014	2
195	2
2024	4
1338	0
324	5
2673	0
2425	1
1961	6
626	0
497	1
1154	1
622	0
1799	3
1760	0
2244	4
309	6
233	6
1118	4
333	1
522	4
2141	2
1698	0
2401	0
220	2
1264	4
2015	5
70	5
807	6
481	6
1313	5
1720	3
1086	1
364	1
2054	1
691	0
786	3
2389	0
211	2
1554	5
1046	3
718	5
1074	3
236	6
2456	0
1807	5
2190	0
2494	4
600	0
41	5
2202	0
532	1
844	0
2	0
2196	0
1921	0
2206	3
2679	0
1801	3
1995	6
2248	0
644	6
2417	0
2692	0
905	0
13	5
2296	0
153	5
1983	5
1822	0
2167	5
2259	5
2542	5
2096	3
2100	6
451	6
2060	6
2138	5
721	5
2485	0
989	2
1383	0
1184	1
2119	6
920	4
1659	6
2649	6
1295	0
2291	3
2672	0
263	2
901	3
2443	3
1492	4
2570	3
1015	2
1083	4
1244	1
852	1
1996	3
496	1
38	5
448	6
227	2
1013	0
2286	0
2376	3
104	0
655	3
535	1
2407	1
2622	3
2168	5
746	3
1561	6
163	5
247	2
2181	0
1661	0
2524	0
2294	0
280	0
265	0
1835	3
1288	4
144	5
1023	1
1263	4
1196	4
2568	0
457	6
751	2
1309	5
46	5
2220	6
2319	0
244	6
2566	0
991	4
1977	5
1325	2
2166	0
1709	0
2531	5
20	5
393	0
2534	5
1297	0
630	0
1528	6
1517	6
180	2
2646	5
1257	4
1103	2
2239	0
2148	0
2487	0
1189	0
1072	3
1475	3
2677	0
100	5
2668	0
2477	0
1532	0
1144	1
1571	4
601	0
1572	6
2696	1
540	1
2241	4
1253	1
1627	0
1004	6
710	3
1431	3
2251	0
340	0
360	6
1976	5
137	5
1422	0
2573	3
464	5
631	0
169	5
277	0
2560	0
1537	4
1948	5
558	4
965	2
898	3
1484	2
812	3
346	4
1690	0
1467	3
749	0
1752	0
2020	0
1805	3
2617	0
929	0
928	0
1624	3
648	6
982	2
885	4
411	0
1091	0
523	4
763	6
2191	0
1268	4
827	0
1825	1
450	6
1953	5
2479	0
322	6
1162	6
1491	4
671	3
1582	4
603	0
2145	5
789	4
1293	0
1923	6
1171	5
79	5
1649	2
2552	5
1814	5
2437	4
2545	5
130	5
2187	5
697	6
184	2
42	5
1728	3
173	2
766	0
74	5
1451	6
880	4
1626	6
2694	0
226	2
389	2
1949	5
922	5
64	5
1485	5
1126	3
1915	3
1272	4
2200	0
1010	0
2405	1
2404	1
1783	0
1675	4
1141	1
1968	1
1450	2
2556	5
1819	3
874	4
1048	3
1407	0
394	0
2385	0
1982	0
157	5
1000	6
2433	0
1045	0
2078	2
910	0
438	0
1138	0
2077	2
606	0
1933	0
1864	0
2461	4
784	4
2473	0
1515	6
477	3
267	0
1185	3
1188	5
1849	3
109	5
1329	0
1333	2
1128	1
2046	0
2137	5
1469	3
2230	2
1190	0
2123	4
69	5
1427	3
164	5
1307	0
2080	1
391	0
1758	0
2300	1
1318	6
2466	0
2526	4
2307	0
23	5
2596	3
513	4
1150	0
2278	3
2172	3
1379	4
1456	0
1830	1
2163	0
1925	3
1482	2
1481	2
76	5
1765	0
2091	0
1735	0
1764	0
1750	0
553	4
1843	3
2050	0
299	0
94	5
254	4
1332	0
1544	3
2038	0
1137	0
767	1
444	0
1987	1
1110	0
634	6
2012	3
60	5
1473	4
2702	0
1474	3
595	0
2204	3
1371	6
2130	0
282	0
2680	0
2602	3
1516	6
1708	4
803	4
1970	6
2688	0
1070	3
2375	3
1705	0
2219	6
2424	5
2242	1
378	0
1415	0
143	5
1715	3
2209	6
1974	0
1386	4
887	4
557	4
371	1
1062	0
362	4
1071	3
1206	4
286	0
917	6
6	5
2427	0
1274	4
2659	0
732	0
1527	6
1965	4
589	0
2582	3
2371	0
96	5
2551	5
1130	0
1860	0
1221	6
1562	6
1594	0
2600	3
1855	5
337	0
2249	4
1428	3
886	4
1664	2
1836	3
1236	2
1724	3
1595	3
1466	3
2289	1
208	2
757	0
166	5
1016	2
2063	0
1355	5
617	0
1012	6
4	5
2576	0
2413	5
2675	0
2457	6
576	4
250	0
176	2
2343	3
3	5
1944	5
1584	3
787	4
1842	3
971	2
1438	2
2416	0
1504	0
2548	5
2510	3
1538	1
2547	5
1888	5
2348	1
723	0
1852	6
650	6
2101	5
2264	1
1732	0
1966	1
1804	4
1909	5
775	4
1886	0
608	0
1100	0
432	0
470	3
607	0
1717	3
1392	6
1044	3
952	2
2470	6
1558	6
563	4
316	6
999	6
126	5
2436	5
1362	3
2358	6
2351	0
2198	0
298	0
2311	4
161	5
2217	4
2218	4
65	5
2002	6
1408	0
1850	0
914	0
1610	0
2073	6
966	2
2592	3
5	5
2614	3
2275	3
1533	4
214	3
374	1
2043	2
1149	0
2373	5
1270	4
1109	0
1302	4
1873	5
1412	0
724	0
2193	0
1778	3
1654	4
91	5
341	2
154	5
2157	5
2599	3
2010	3
2631	3
537	1
92	5
68	5
2441	5
620	0
253	2
2647	5
972	2
2394	0
1226	0
396	0
588	0
1455	0
1857	5
734	0
2226	0
1756	0
473	1
1018	2
1955	5
2082	0
577	4
2066	0
1388	4
2124	4
2238	0
1134	6
2665	0
1975	0
462	5
1120	4
1348	2
1918	0
1601	0
1395	6
818	3
465	5
99	5
2601	3
1960	6
2685	4
110	5
2276	3
2640	0
1380	4
1920	5
670	3
1067	3
2052	1
891	6
33	5
1619	0
752	0
235	0
1399	3
382	0
1107	0
2261	5
10	5
2632	5
150	5
2255	6
2029	2
964	2
974	2
1542	3
813	0
1390	4
2690	0
858	2
2022	4
1317	5
1566	0
1730	3
1174	5
1670	2
196	2
2533	5
883	4
1671	2
1662	5
1429	3
1919	5
1751	0
1430	3
743	0
2214	0
2564	1
954	2
983	2
1701	4
2309	4
1437	3
1420	0
1434	3
2629	3
252	5
2554	5
1443	3
1583	3
2127	3
311	6
2186	4
1375	6
829	0
461	6
1060	0
2174	5
1215	6
527	4
1762	0
624	0
1320	0
2122	0
1636	4
1792	3
1637	4
652	6
1638	0
1590	4
1660	2
1615	0
1289	4
2323	5
124	5
2212	3
2324	5
1315	5
1962	2
151	5
1026	4
1872	3
136	5
769	1
452	6
1630	0
1628	0
344	4
618	0
2410	0
1454	0
1132	1
57	5
1089	4
357	4
56	5
1604	0
1159	1
1737	0
520	4
1499	0
1539	1
2687	0
750	3
2572	3
284	0
609	0
437	0
613	0
1041	0
2482	4
2705	0
2512	3
1298	0
953	2
2021	4
243	3
145	5
1353	5
2268	5
347	6
2197	0
1135	4
2203	3
1940	5
2664	1
1913	3
19	5
285	0
1600	0
2142	2
776	6
790	4
1352	5
854	2
1266	4
241	3
12	5
2650	0
1530	6
647	6
2042	6
1745	4
1007	6
1592	0
2693	0
1694	0
1098	0
2691	0
405	0
1351	5
2571	3
2574	3
838	0
2282	3
692	6
2507	6
2627	3
2434	0
1478	3
442	0
1480	6
906	0
907	0
2227	0
2398	1
1146	1
1602	0
2496	0
339	4
1997	1
1787	3
303	0
2112	0
1786	4
967	2
699	4
2223	0
1874	0
677	1
402	0
1657	2
2233	5
811	3
2092	0
415	2
2011	3
1003	6
32	5
199	2
581	0
1122	4
2281	3
2279	3
111	5
1952	5
511	3
1158	3
1641	0
1643	0
1910	5
947	2
1411	0
1079	4
292	0
259	5
1069	0
1817	3
1839	3
1838	3
2670	3
781	4
1084	1
1087	1
543	1
1635	4
447	6
1823	6
1733	0
2459	3
1169	5
2662	0
798	4
0	5
2320	0
550	1
500	6
483	6
1550	5
1672	2
536	1
88	5
586	0
2703	0
1234	6
507	4
660	0
1731	0
1432	3
975	4
2055	3
943	2
808	1
1254	6
2341	3
1129	1
2184	0
2290	1
426	0
469	3
2422	5
2110	4
335	1
2337	6
1848	4
2014	4
918	6
1117	5
2517	3
2280	3
239	3
1418	0
1985	1
2158	6
2550	5
1199	6
796	6
135	5
1468	3
2302	0
2003	1
2586	0
1686	3
1204	4
1262	4
132	5
2625	3
1278	4
1280	4
2098	0
1203	4
2185	0
43	5
517	6
1488	4
1832	1
2273	4
1548	5
2458	1
1373	1
1101	0
2049	0
2057	3
867	1
232	0
2386	6
1782	0
1597	3
1479	3
2342	3
1846	2
2555	5
321	6
317	6
320	6
189	2
1119	4
2129	0
862	2
1319	5
579	0
1510	6
1506	6
551	4
665	3
1291	0
2334	5
2065	3
186	2
1459	3
1829	1
1021	1
1828	1
2588	3
2140	2
987	2
1435	3
75	0
1707	0
2364	0
242	3
1470	3
1993	5
704	6
1536	4
1951	5
1877	3
1777	3
2169	3
297	0
2447	5
1863	5
2623	3
1978	5
435	0
911	0
2453	5
1887	5
720	0
809	6
571	4
1687	6
2594	3
2304	0
2578	0
2577	0
2608	0
1282	4
412	0
1240	6
1999	0
1402	3
17	4
1322	1
541	1
16	5
1081	1
1721	3
1963	5
1213	6
1726	0
1727	0
1700	0
11	5
831	2
2619	3
1916	0
257	4
1785	2
2515	3
817	3
408	0
2126	3
2165	3
1214	6
2618	0
2360	0
2497	5
1892	1
2089	0
1347	2
2355	0
1409	0
1433	3
1068	0
1350	4
2363	3
1121	1
711	3
1033	0
1837	3
2644	1
2072	6
372	1
667	3
2301	0
2412	5
1180	4
1364	3
266	0
566	4
1227	0
1755	5
1739	4
1286	4
636	6
314	6
1143	1
125	5
1139	1
562	4
1228	0
1502	0
1464	3
2019	4
2262	1
610	0
251	6
2285	0
414	0
315	6
39	5
1277	3
682	1
305	0
52	5
896	6
2085	3
1684	3
530	1
1175	5
2391	0
1075	1
1330	2
2040	0
565	4
2567	0
611	0
2195	5
970	2
1911	0
2590	3
119	5
58	5
1650	2
504	6
843	3
1344	1
518	3
460	6
701	6
649	6
2356	2
326	5
2128	4
495	1
1898	0
2565	0
1605	0
201	2
2528	5
1645	0
129	5
574	4
828	0
802	0
2488	0
927	0
2143	6
53	5
908	0
1219	6
2079	1
1677	2
1417	0
1300	0
1413	0
1299	0
1323	1
747	0
216	2
1445	5
1161	4
1039	0
1486	5
2173	3
73	5
2026	0
2004	6
1116	6
1991	5
1712	0
1387	4
36	5
2522	3
1508	6
2257	5
1276	4
1186	3
1471	3
185	2
463	5
568	4
352	4
2246	3
2041	0
1096	4
459	6
1633	4
533	1
995	4
778	4
1552	5
327	5
997	6
1716	3
2013	3
468	3
246	2
2245	3
2598	3
2171	3
2149	0
2164	0
1303	4
2686	4
1212	6
1218	6
2131	0
538	1
878	4
222	2
2561	0
350	6
599	0
597	0
2153	5
1177	2
806	6
197	2
1239	4
1939	5
2449	6
994	4
1905	2
1424	3
106	5
1404	3
1906	2
356	1
2321	4
637	6
2228	4
2655	0
643	6
2476	0
63	5
960	2
1017	2
833	3
318	6
2162	3
118	5
2637	0
1744	6
635	6
584	0
1900	6
2225	4
1165	5
1688	0
2047	3
392	0
821	3
1105	2
210	2
271	0
1440	2
187	2
18	5
2486	0
1490	4
2583	0
2584	0
1640	0
572	0
2481	3
1678	2
49	5
155	5
476	5
2133	0
2435	0
2396	0
98	5
902	3
1620	0
1346	2
933	2
2313	0
1706	0
740	6
2299	1
2317	4
1503	0
177	2
716	0
2519	0
1363	3
755	0
2616	3
276	0
1136	0
2175	6
2229	4
602	0
2071	6
1766	0
2159	6
1285	4
290	0
1367	3
1596	3
2463	0
361	4
963	2
471	4
654	3
1776	3
2059	3
1172	5
1127	1
1681	4
2530	5
2048	0
385	0
2222	0
686	1
474	0
77	5
78	5
531	1
490	6
758	0
2347	1
832	0
853	6
2660	0
1957	6
2045	5
715	0
1357	0
1812	5
1767	0
131	5
2474	0
2544	5
345	4
1994	0
152	5
909	0
1722	3
1713	0
2501	5
605	0
1063	0
1519	6
2652	0
2105	5
228	2
1551	5
1059	0
2580	3
2387	5
735	0
2661	0
2455	0
508	0
2418	0
1191	0
1683	5
1927	3
865	1
2109	5
845	3
1521	6
55	2
1914	3
172	2
1061	3
2429	0
1629	0
1446	2
1421	0
170	2
213	2
363	5
509	3
903	4
1001	6
1809	5
875	4
2231	5
93	5
1374	6
1261	4
591	0
1259	4
938	2
2499	5
2224	0
1097	0
1815	3
1567	6
879	3
431	0
681	4
2116	2
658	3
2595	3
1768	0
369	4
1385	4
968	2
2369	0
1394	6
2368	0
921	4
2445	5
1866	0
2557	5
2610	3
366	4
1646	0
37	5
1147	1
2648	5
2094	3
645	6
122	5
820	0
855	2
480	6
1743	3
672	4
2178	6
676	1
2058	3
839	0
782	6
1563	4
961	2
2635	0
768	4
2232	5
1123	1
376	6
1833	0
1065	0
2327	0
268	0
1243	0
712	3
801	0
1447	5
848	4
945	2
2683	4
981	0
514	3
2684	4
1022	1
621	0
664	3
2569	0
2179	6
762	6
534	1
368	1
548	1
765	6
330	5
2370	0
2689	0
1631	4
1648	0
45	5
1609	4
1104	2
689	1
2075	0
2033	3
1166	5
1598	2
2521	3
167	5
2593	3
281	0
1216	6
2192	2
2118	3
2438	5
1160	6
2513	0
1230	0
1279	4
2000	0
1501	0
1391	5
1082	4
555	4
2408	4
748	0
1381	0
1145	1
942	2
1523	6
377	0
668	3
659	3
728	0
219	2
2335	5
1522	6
