156	0
103	2
117	0
182	0
108	0
125	3
101	2
21	2
29	2
66	2
169	3
83	2
159	2
149	3
47	2
136	2
98	2
19	2
142	3
96	2
164	0
148	2
18	3
71	3
48	3
94	3
3	0
70	2
79	1
11	2
37	2
52	2
87	2
75	3
77	2
151	2
140	1
181	2
183	3
167	3
62	2
175	2
165	0
36	2
134	0
184	0
124	0
177	0
38	2
5	2
27	2
80	2
31	2
92	3
73	2
163	2
39	2
135	0
44	1
4	2
168	0
91	2
59	2
179	0
147	2
81	2
116	0
28	2
54	1
146	2
173	2
139	3
104	1
23	2
118	2
74	2
109	3
166	2
129	2
161	0
88	2
102	2
186	0
130	0
112	2
46	3
24	3
60	1
26	3
43	3
119	3
157	2
115	3
127	2
128	0
155	0
97	2
13	2
120	0
176	0
100	2
89	2
90	2
123	2
9	2
107	3
6	3
105	1
121	2
30	2
144	0
85	2
33	2
17	1
126	1
154	0
22	2
41	2
78	2
20	2
86	2
68	2
174	4
122	3
76	2
162	0
99	2
143	0
84	2
93	1
137	0
2	2
95	2
113	2
25	2
131	2
152	2
160	1
50	2
114	2
180	0
72	0
34	2
53	2
57	2
141	3
63	2
158	2
67	1
111	1
42	2
145	0
172	2
10	2
82	2
150	1
133	0
12	2
110	2
170	3
49	2
16	2
153	2
185	0
45	2
178	3
0	0
64	2
1	1
58	3
132	0
32	2
8	2
69	1
138	3
61	3
14	2
7	1
15	2
56	2
55	3
171	1
35	2
51	2
65	2
106	3
40	2
