45	3
115	2
40	1
0	0
110	3
109	2
139	2
65	2
101	3
173	2
22	3
24	3
7	2
180	2
185	2
36	3
33	2
68	4
57	3
131	1
34	2
181	2
156	1
169	2
133	0
228	3
61	3
37	2
158	2
201	4
136	3
175	2
72	3
229	3
117	3
3	1
5	2
195	2
127	0
89	3
159	2
184	2
234	0
1	2
138	2
183	2
130	0
188	3
260	4
147	3
162	2
95	2
18	3
60	3
261	1
251	1
238	1
243	3
146	3
120	3
70	3
42	3
166	2
103	1
58	3
193	3
74	3
179	2
226	3
43	3
86	3
145	2
62	1
140	2
157	2
118	4
232	2
257	3
154	3
244	1
76	0
113	3
114	3
213	3
204	2
230	3
2	0
26	3
123	1
152	2
90	3
176	3
227	3
223	1
218	2
160	2
29	3
31	2
186	3
49	3
144	1
48	3
220	3
75	3
53	3
66	3
239	2
134	1
129	4
119	0
171	2
30	2
164	2
83	1
177	2
8	0
178	2
6	3
137	0
262	3
23	4
143	2
25	3
258	3
252	2
202	3
73	3
46	3
231	3
219	1
102	1
100	1
215	3
224	2
197	0
55	3
17	1
96	1
106	2
88	3
27	1
126	0
19	3
237	1
203	2
20	2
50	3
168	3
196	2
148	2
21	2
15	3
155	2
141	1
165	2
221	3
245	3
87	1
194	2
64	1
216	2
254	2
14	3
32	2
210	2
28	3
161	3
135	4
128	3
44	3
242	0
52	1
125	3
149	3
259	3
9	0
208	1
77	3
107	1
121	3
235	3
69	3
182	2
187	3
246	1
41	4
4	3
94	3
236	3
56	3
233	3
116	3
256	3
84	3
16	3
132	0
222	3
214	3
38	2
82	3
51	3
200	0
250	2
54	3
151	2
63	3
104	3
192	3
99	3
79	3
255	3
71	2
93	3
206	2
209	3
248	3
11	3
211	2
98	3
191	3
122	1
39	1
212	3
199	0
85	3
205	2
150	2
47	3
189	2
247	1
59	3
190	0
170	2
92	4
174	2
112	3
35	4
198	0
142	2
80	3
81	0
111	3
240	0
253	3
225	2
207	1
78	3
249	3
217	3
97	3
172	2
105	3
153	2
241	3
264	1
91	3
10	3
263	2
108	3
167	2
163	2
12	3
124	0
13	1
67	3
