226	4
194	2
18	3
82	2
70	2
179	2
71	2
191	1
57	2
216	2
37	2
224	3
44	2
87	2
10	1
169	1
52	2
76	2
164	1
148	1
48	2
187	0
2	2
197	2
146	1
193	3
42	4
189	3
181	0
39	2
95	2
139	1
151	1
64	2
223	0
68	2
220	3
45	2
29	2
107	3
138	1
121	0
159	1
65	4
219	1
150	1
204	1
79	2
109	4
162	1
9	1
14	2
47	2
196	1
86	2
228	0
84	2
111	2
188	0
36	2
156	3
127	1
0	0
91	2
104	2
211	3
177	1
137	1
135	1
74	2
222	3
206	3
81	2
20	2
11	1
192	0
69	2
3	2
99	2
118	0
117	0
180	2
213	3
128	1
201	2
113	2
90	2
217	2
53	2
92	2
178	1
100	2
34	2
96	2
4	1
155	1
112	2
205	2
227	0
40	2
214	2
7	1
145	1
108	2
12	2
215	2
122	0
141	3
28	2
106	2
153	1
89	2
167	1
54	2
67	4
73	2
130	1
16	2
203	2
229	1
19	4
21	2
88	0
15	3
142	1
143	1
184	3
175	1
51	4
152	1
50	2
33	2
119	0
136	1
77	2
161	2
31	2
225	0
17	2
129	1
56	2
124	1
173	1
116	0
98	2
85	2
115	3
8	1
59	2
144	1
120	0
23	2
132	1
210	3
166	1
218	3
78	2
30	2
199	3
157	1
49	2
185	0
55	4
26	2
133	3
186	2
123	0
94	2
158	1
93	2
25	2
13	2
212	3
126	1
24	2
72	2
198	2
202	2
110	2
6	1
168	1
75	2
165	1
163	1
171	1
105	2
183	1
170	1
97	2
182	1
134	1
61	2
190	0
172	1
221	3
195	3
1	2
83	2
35	2
5	1
58	2
60	3
101	2
131	1
63	2
41	2
103	2
140	1
174	1
46	2
66	3
200	1
160	1
114	3
208	1
149	3
125	1
38	3
62	2
207	2
209	0
32	2
154	2
43	4
27	2
147	1
80	2
102	2
176	1
22	2
