125	-1
0	1
0	2
0	3
0	4
0	8
0	9
0	10
1	2
1	3
1	4
1	11
1	12
1	16
1	21
1	23
2	3
2	4
2	48
2	106
2	14
2	16
2	21
2	22
3	4
3	16
3	54
3	95
4	20
4	86
4	95
5	6
5	7
5	8
5	9
5	13
5	72
5	24
6	7
6	8
6	9
6	17
6	116
6	23
7	8
7	9
7	40
8	66
8	9
8	14
8	52
8	110
9	81
10	11
10	12
10	13
10	14
10	21
11	12
11	13
11	14
11	19
11	21
11	23
12	13
12	14
12	21
13	14
13	21
14	24
14	57
15	16
15	17
15	18
15	78
16	38
16	17
16	18
16	22
16	23
16	28
17	18
17	19
17	22
17	29
18	19
20	22
20	23
21	22
21	23
21	24
21	90
22	77
22	23
22	24
23	24
23	30
25	26
25	27
25	28
25	29
25	30
26	32
26	36
26	41
26	27
26	124
26	29
27	66
27	35
27	44
27	28
27	29
28	80
28	47
28	29
29	33
29	97
29	40
29	43
30	32
30	33
30	34
30	67
30	44
30	51
30	31
31	32
31	33
31	34
31	37
31	38
31	49
32	33
32	34
32	35
33	34
33	36
33	43
33	48
33	81
34	41
35	36
35	37
35	38
35	39
35	41
35	43
35	51
36	37
36	38
36	39
37	38
37	39
37	40
37	55
38	39
39	48
40	41
40	42
40	44
40	45
40	47
40	49
40	52
40	59
41	42
41	43
41	44
41	45
41	118
42	43
42	44
43	98
43	44
45	102
45	46
45	47
45	48
45	49
46	48
46	49
46	119
46	47
47	66
47	48
47	49
48	72
48	49
49	97
49	74
49	104
49	124
50	72
50	73
50	111
50	51
50	52
50	53
50	54
50	57
50	60
51	52
51	53
51	54
52	77
52	53
52	54
52	72
52	60
53	70
53	54
54	83
54	62
55	66
55	56
55	57
55	58
55	59
56	57
56	58
56	59
56	69
57	70
57	73
57	77
57	79
57	59
58	59
58	76
59	64
59	66
59	70
59	72
59	61
60	64
60	70
60	71
60	72
60	61
60	63
61	64
61	116
61	62
61	63
62	64
62	63
63	64
64	69
65	66
65	67
65	68
65	69
65	116
65	89
66	68
66	72
66	67
67	68
67	69
67	73
67	90
68	74
68	69
69	72
69	113
70	71
70	72
70	73
70	74
71	72
71	73
71	74
72	73
72	74
73	74
73	92
75	96
75	76
75	77
75	79
75	80
75	82
75	83
75	90
75	95
76	97
76	77
76	78
76	79
77	86
77	106
77	78
77	79
77	92
77	94
78	96
78	79
78	94
79	98
79	87
80	81
80	82
80	83
80	84
80	86
80	87
81	99
81	82
81	83
81	85
81	87
82	106
82	83
82	84
82	88
82	89
82	95
83	97
83	84
83	85
83	92
85	97
85	86
85	87
85	88
85	89
85	91
85	95
86	87
86	88
86	89
87	88
87	89
88	99
88	89
90	98
90	99
90	91
90	92
90	93
90	94
91	115
91	92
91	93
91	94
92	124
92	93
92	94
93	96
93	94
95	96
95	97
95	99
96	97
96	98
96	99
96	121
97	98
97	99
98	99
100	101
100	102
100	103
100	104
100	107
100	114
100	116
100	123
100	124
101	104
101	123
101	102
101	103
102	103
102	104
102	117
102	123
103	104
103	109
104	119
104	120
104	123
104	124
105	106
105	107
105	108
105	109
105	111
105	113
106	107
106	109
106	123
107	108
107	109
107	113
108	109
108	117
110	113
110	114
110	111
111	114
111	112
111	113
112	113
112	114
112	115
112	117
112	120
113	114
113	120
114	122
115	116
115	118
115	119
116	117
116	118
116	119
116	120
117	118
117	119
118	119
120	122
120	123
121	122
121	123
121	124
122	123
122	124