81	-1
0	1
0	3
0	5
0	6
0	53
1	17
1	2
1	5
2	4
2	5
2	6
2	7
2	8
2	11
3	17
3	4
3	5
3	7
4	8
4	5
5	32
5	8
6	7
6	8
6	9
6	11
6	12
7	8
8	11
8	55
8	28
9	10
9	11
9	13
9	14
9	16
9	17
10	14
10	23
11	13
11	46
11	15
11	18
12	22
12	23
12	14
12	15
13	70
13	14
13	16
13	23
14	70
14	16
15	16
15	17
16	17
16	18
16	24
17	76
17	26
17	62
18	19
18	20
18	21
18	22
18	23
18	24
18	25
18	26
19	44
19	20
19	23
19	24
19	26
20	66
20	40
20	22
20	23
20	26
21	24
21	26
21	22
21	23
22	74
23	72
23	25
23	26
24	25
24	26
25	26
26	61
27	32
27	35
27	28
27	29
27	31
28	32
28	29
28	31
29	33
30	64
30	33
30	34
30	31
31	32
31	33
31	34
31	50
32	33
32	34
32	72
32	58
33	34
33	35
34	35
34	39
36	40
36	43
36	52
36	38
37	40
37	42
37	38
37	39
38	43
38	39
39	40
39	41
39	42
40	67
40	41
41	42
41	43
42	43
42	44
43	72
43	44
44	52
45	46
45	47
45	48
45	49
45	51
45	52
46	48
46	51
46	47
47	50
47	51
48	49
48	50
48	51
48	52
49	50
49	53
50	70
50	73
50	51
51	52
51	53
52	67
52	53
54	55
54	56
54	58
54	59
54	60
54	61
55	59
55	60
55	62
56	62
56	58
56	59
56	61
57	58
57	59
57	77
58	79
58	60
58	61
58	62
59	61
59	62
60	67
60	70
60	61
60	62
61	65
61	72
61	77
61	62
63	64
63	66
63	67
63	69
64	65
64	66
65	75
65	79
66	67
66	68
66	71
67	68
67	70
67	71
68	73
68	71
69	71
69	70
70	71
72	74
72	75
72	76
72	77
72	79
72	80
73	74
73	75
73	79
73	80
74	75
74	76
74	77
74	78
74	80
75	76
75	78
75	80
76	77
76	78
76	79
76	80
78	80
78	79