216	-1
0	1
0	2
0	3
0	4
0	5
0	6
0	103
0	21
0	55
0	24
0	29
1	35
1	2
1	3
1	5
1	6
1	7
1	19
1	159
2	3
2	5
2	166
2	12
2	16
3	4
3	5
3	20
3	23
3	25
4	5
4	16
4	25
4	155
5	54
5	18
5	22
5	25
5	122
6	35
6	133
6	7
6	8
6	9
6	10
6	11
6	94
7	39
7	8
7	9
7	10
7	11
7	29
7	158
8	34
8	201
8	9
8	10
8	11
8	209
8	19
8	137
8	186
8	31
9	11
9	14
10	123
10	11
10	24
10	27
11	14
11	15
11	16
11	49
11	18
11	78
11	126
12	33
12	13
12	14
12	15
12	16
12	17
12	154
13	97
13	33
13	15
13	16
13	17
13	111
14	32
14	15
14	17
14	105
14	60
15	35
15	102
15	16
15	17
15	22
15	87
16	108
16	78
16	17
16	82
17	29
18	76
18	19
18	20
18	21
18	22
18	23
18	148
19	96
19	34
19	166
19	145
19	20
19	21
19	22
19	23
19	26
20	168
20	143
20	21
20	22
20	23
20	60
21	198
21	72
21	22
21	23
21	24
21	58
22	192
22	33
22	163
22	65
22	23
23	32
24	35
24	201
24	209
24	186
24	25
24	26
24	27
24	28
24	29
25	198
25	80
25	147
25	26
25	27
25	29
26	120
26	180
26	149
26	27
26	28
26	30
27	186
27	28
27	29
28	29
29	212
29	186
29	88
30	32
30	33
30	34
30	167
30	121
30	31
31	32
31	33
31	34
31	35
31	169
32	33
32	34
32	35
32	94
33	34
33	35
33	115
33	67
34	35
34	212
36	38
36	40
36	45
36	53
36	54
36	152
36	60
37	38
37	39
37	40
37	41
37	50
37	56
37	61
38	39
38	40
38	41
38	61
39	40
39	41
39	42
39	49
39	51
39	63
40	65
40	41
40	71
40	51
40	215
40	87
40	57
40	61
40	62
40	69
41	48
41	72
41	121
41	90
41	59
42	192
42	43
42	44
42	189
42	55
42	90
42	59
42	188
42	61
43	161
43	195
43	68
43	71
43	200
43	44
43	45
43	47
44	45
44	46
44	47
44	55
44	63
45	64
45	65
45	69
45	202
45	46
45	153
46	144
46	79
46	47
47	64
47	70
47	51
47	52
47	62
48	64
48	132
48	49
48	50
48	51
48	52
48	53
48	59
48	61
49	65
49	66
49	72
49	205
49	50
49	51
49	52
49	53
49	148
49	158
50	67
50	51
50	52
50	53
50	150
50	56
50	179
50	62
50	182
51	67
51	52
51	53
51	54
51	58
51	59
52	69
52	53
52	57
53	130
53	183
53	119
53	57
53	122
53	59
53	63
54	175
54	55
54	56
54	57
54	58
54	59
54	188
54	62
55	64
55	71
55	56
55	57
55	58
55	59
55	62
56	67
56	141
56	57
57	71
57	105
57	58
58	150
58	108
58	59
58	63
59	98
59	70
59	79
59	113
59	63
60	64
60	65
60	70
60	62
60	63
61	64
61	65
61	82
61	62
61	63
62	64
62	65
62	141
62	117
62	63
63	65
63	67
63	155
63	152
64	65
64	150
64	102
64	149
64	86
64	122
64	123
66	67
66	68
66	69
66	70
66	71
66	205
66	142
67	69
67	70
67	71
67	168
67	91
67	126
68	69
68	70
68	71
69	70
69	71
70	71
71	156
72	98
72	103
72	74
72	75
72	76
72	77
72	78
72	80
72	73
73	100
73	75
73	76
73	77
73	81
73	84
73	85
74	100
74	75
74	76
74	77
74	110
75	76
75	79
75	95
76	133
76	77
76	83
77	91
77	93
78	100
78	101
78	79
78	82
78	83
78	93
79	97
79	107
79	103
79	80
79	82
79	83
79	95
80	100
80	81
80	82
80	83
80	95
81	82
81	83
81	129
82	100
82	83
83	98
83	171
83	191
84	204
84	85
84	86
84	87
84	88
84	89
84	93
85	96
85	105
85	86
85	87
85	88
85	95
86	102
86	207
86	112
86	87
86	88
86	89
87	88
87	89
88	97
88	98
88	104
88	93
88	89
88	90
89	97
90	165
90	104
90	214
90	91
90	92
90	93
90	94
90	95
91	105
91	112
91	99
91	93
91	94
91	95
92	192
92	102
92	103
92	107
92	199
92	93
92	94
92	95
93	103
93	159
93	118
93	94
93	95
94	188
94	95
95	199
95	106
95	204
95	115
96	97
96	98
96	99
96	100
96	101
96	139
96	133
97	99
97	100
97	101
97	191
98	99
98	100
98	101
99	101
99	106
99	117
99	185
100	101
100	103
101	126
102	103
102	104
102	105
102	106
102	107
103	105
103	106
103	107
103	104
103	196
104	105
104	106
104	107
105	106
105	107
105	177
105	117
106	107
107	137
108	112
108	132
108	109
108	110
108	111
108	113
108	142
109	136
109	110
109	111
109	113
109	117
109	126
110	139
110	111
110	112
110	113
110	115
110	125
111	128
111	135
111	112
111	113
112	136
112	113
112	115
113	129
113	143
113	121
113	122
113	125
114	115
114	142
114	117
114	118
114	119
115	136
115	116
115	117
115	118
115	119
116	133
116	138
116	175
116	117
116	118
116	119
117	131
117	197
117	141
117	145
117	213
117	118
117	119
117	123
117	127
118	130
118	119
118	122
119	136
119	137
119	138
120	129
120	130
120	198
120	125
120	121
120	123
120	124
120	122
121	130
121	132
121	142
121	154
121	122
121	123
121	124
121	125
122	134
122	189
122	123
122	124
122	125
123	131
123	132
123	125
124	133
124	141
124	125
125	129
125	140
125	208
126	129
126	130
126	132
126	131
126	127
127	128
127	129
127	130
127	131
127	134
127	200
127	140
128	129
128	130
128	131
128	133
128	134
128	166
129	132
129	136
129	168
130	131
130	139
131	137
131	142
132	133
132	134
132	135
132	136
132	137
132	208
133	134
133	135
133	136
133	137
134	137
134	159
135	136
135	137
135	202
136	137
138	139
138	141
138	142
139	141
139	143
140	141
140	142
140	143
140	157
141	142
141	143
142	143
144	161
144	168
144	178
144	145
144	146
144	147
144	148
144	149
144	156
145	202
145	146
145	150
145	158
145	149
146	176
146	166
146	169
146	147
146	148
146	149
146	185
146	155
147	168
147	179
147	149
147	152
148	164
148	165
148	201
149	175
149	159
150	160
150	151
150	152
150	153
150	155
150	154
150	159
151	173
151	152
151	153
151	154
151	188
152	163
152	153
152	154
152	155
153	164
153	154
153	155
154	163
154	165
154	155
154	157
155	182
155	166
155	167
155	159
156	161
156	172
156	157
156	158
156	159
157	160
157	161
157	165
157	168
157	178
157	158
157	159
158	160
158	168
158	177
158	179
158	159
159	160
159	166
159	161
160	161
161	165
162	163
162	164
162	165
162	166
162	167
162	191
163	164
163	165
163	167
163	168
163	203
163	206
163	179
164	165
164	166
164	167
164	170
164	174
164	178
165	166
165	167
166	167
166	168
166	170
166	176
166	183
167	201
167	175
167	176
168	198
168	169
168	170
168	171
168	172
168	173
168	183
169	178
169	170
169	171
169	172
169	173
170	172
170	173
170	174
171	172
171	173
171	176
172	173
173	179
174	175
174	176
174	177
174	178
174	179
174	190
175	176
175	177
175	178
175	179
176	178
176	177
176	179
176	185
176	187
176	199
177	178
177	179
177	183
178	179
180	204
180	206
180	181
180	182
180	183
180	184
180	185
181	196
181	182
181	183
181	184
181	185
182	197
182	204
182	206
182	183
182	184
183	193
183	196
183	197
183	205
183	184
183	185
184	197
184	203
184	185
184	186
184	189
185	196
186	198
186	204
186	189
186	187
186	188
186	190
186	191
187	193
187	196
187	198
187	201
187	188
187	190
188	194
188	196
188	201
188	213
188	208
188	190
188	189
188	191
189	203
189	190
190	206
190	191
191	197
192	193
192	194
192	195
192	196
192	197
193	194
193	195
193	196
193	197
193	201
193	212
194	195
194	199
194	205
194	207
194	210
195	196
195	197
195	211
196	197
196	200
196	201
196	209
197	199
197	208
198	201
198	202
198	203
198	200
199	200
199	201
199	202
200	203
200	201
200	202
200	208
200	210
201	203
201	202
201	211
202	203
202	210
203	204
203	205
203	213
204	205
204	206
204	207
204	209
204	213
204	215
205	209
205	206
205	207
205	208
205	210
206	207
206	208
206	209
207	208
207	209
208	209
209	210
210	213
210	214
210	215
211	212
211	213
211	214
211	215
212	214
212	215
213	214
213	215
214	215