1876	1800
1800	0
1800	1
1800	2
1800	3
1800	4
1800	5
1800	6
1800	7
1800	8
1800	9
1800	10
1800	11
1800	12
1800	13
1800	14
1800	15
1800	16
1800	17
1800	18
1800	19
1800	20
1800	21
1800	22
1800	23
1800	24
1800	25
1800	26
1800	27
1800	28
1800	29
1801	30
1801	31
1801	32
1801	33
1801	34
1801	35
1801	36
1801	37
1801	38
1801	39
1801	40
1801	41
1801	42
1801	43
1801	44
1801	45
1801	46
1801	47
1801	48
1801	49
1801	50
1801	51
1801	52
1801	53
1801	54
1801	55
1801	56
1801	57
1801	58
1801	59
1802	60
1802	61
1802	62
1802	63
1802	64
1802	65
1802	66
1802	67
1802	68
1802	69
1802	70
1802	71
1802	72
1802	73
1802	74
1802	75
1802	76
1802	77
1802	78
1802	79
1802	80
1802	81
1802	82
1802	83
1802	84
1802	85
1802	86
1802	87
1802	88
1802	89
1803	90
1803	91
1803	92
1803	93
1803	94
1803	95
1803	96
1803	97
1803	98
1803	99
1803	100
1803	101
1803	102
1803	103
1803	104
1803	105
1803	106
1803	107
1803	108
1803	109
1803	110
1803	111
1803	112
1803	113
1803	114
1803	115
1803	116
1803	117
1803	118
1803	119
1804	120
1804	121
1804	122
1804	123
1804	124
1804	125
1804	126
1804	127
1804	128
1804	129
1804	130
1804	131
1804	132
1804	133
1804	134
1804	135
1804	136
1804	137
1804	138
1804	139
1804	140
1804	141
1804	142
1804	143
1804	144
1804	145
1804	146
1804	147
1804	148
1804	149
1805	150
1805	151
1805	152
1805	153
1805	154
1805	155
1805	156
1805	157
1805	158
1805	159
1805	160
1805	161
1805	162
1805	163
1805	164
1805	165
1805	166
1805	167
1805	168
1805	169
1805	170
1805	171
1805	172
1805	173
1805	174
1805	175
1805	176
1805	177
1805	178
1805	179
1806	180
1806	181
1806	182
1806	183
1806	184
1806	185
1806	186
1806	187
1806	188
1806	189
1806	190
1806	191
1806	192
1806	193
1806	194
1806	195
1806	196
1806	197
1806	198
1806	199
1806	200
1806	201
1806	202
1806	203
1806	204
1806	205
1806	206
1806	207
1806	208
1806	209
1807	210
1807	211
1807	212
1807	213
1807	214
1807	215
1807	216
1807	217
1807	218
1807	219
1807	220
1807	221
1807	222
1807	223
1807	224
1807	225
1807	226
1807	227
1807	228
1807	229
1807	230
1807	231
1807	232
1807	233
1807	234
1807	235
1807	236
1807	237
1807	238
1807	239
1808	240
1808	241
1808	242
1808	243
1808	244
1808	245
1808	246
1808	247
1808	248
1808	249
1808	250
1808	251
1808	252
1808	253
1808	254
1808	255
1808	256
1808	257
1808	258
1808	259
1808	260
1808	261
1808	262
1808	263
1808	264
1808	265
1808	266
1808	267
1808	268
1808	269
1809	270
1809	271
1809	272
1809	273
1809	274
1809	275
1809	276
1809	277
1809	278
1809	279
1809	280
1809	281
1809	282
1809	283
1809	284
1809	285
1809	286
1809	287
1809	288
1809	289
1809	290
1809	291
1809	292
1809	293
1809	294
1809	295
1809	296
1809	297
1809	298
1809	299
1810	300
1810	301
1810	302
1810	303
1810	304
1810	305
1810	306
1810	307
1810	308
1810	309
1810	310
1810	311
1810	312
1810	313
1810	314
1810	315
1810	316
1810	317
1810	318
1810	319
1810	320
1810	321
1810	322
1810	323
1810	324
1810	325
1810	326
1810	327
1810	328
1810	329
1811	330
1811	331
1811	332
1811	333
1811	334
1811	335
1811	336
1811	337
1811	338
1811	339
1811	340
1811	341
1811	342
1811	343
1811	344
1811	345
1811	346
1811	347
1811	348
1811	349
1811	350
1811	351
1811	352
1811	353
1811	354
1811	355
1811	356
1811	357
1811	358
1811	359
1812	360
1812	361
1812	362
1812	363
1812	364
1812	365
1812	366
1812	367
1812	368
1812	369
1812	370
1812	371
1812	372
1812	373
1812	374
1812	375
1812	376
1812	377
1812	378
1812	379
1812	380
1812	381
1812	382
1812	383
1812	384
1812	385
1812	386
1812	387
1812	388
1812	389
1813	390
1813	391
1813	392
1813	393
1813	394
1813	395
1813	396
1813	397
1813	398
1813	399
1813	400
1813	401
1813	402
1813	403
1813	404
1813	405
1813	406
1813	407
1813	408
1813	409
1813	410
1813	411
1813	412
1813	413
1813	414
1813	415
1813	416
1813	417
1813	418
1813	419
1814	420
1814	421
1814	422
1814	423
1814	424
1814	425
1814	426
1814	427
1814	428
1814	429
1814	430
1814	431
1814	432
1814	433
1814	434
1814	435
1814	436
1814	437
1814	438
1814	439
1814	440
1814	441
1814	442
1814	443
1814	444
1814	445
1814	446
1814	447
1814	448
1814	449
1815	450
1815	451
1815	452
1815	453
1815	454
1815	455
1815	456
1815	457
1815	458
1815	459
1815	460
1815	461
1815	462
1815	463
1815	464
1815	465
1815	466
1815	467
1815	468
1815	469
1815	470
1815	471
1815	472
1815	473
1815	474
1815	475
1815	476
1815	477
1815	478
1815	479
1816	480
1816	481
1816	482
1816	483
1816	484
1816	485
1816	486
1816	487
1816	488
1816	489
1816	490
1816	491
1816	492
1816	493
1816	494
1816	495
1816	496
1816	497
1816	498
1816	499
1816	500
1816	501
1816	502
1816	503
1816	504
1816	505
1816	506
1816	507
1816	508
1816	509
1817	510
1817	511
1817	512
1817	513
1817	514
1817	515
1817	516
1817	517
1817	518
1817	519
1817	520
1817	521
1817	522
1817	523
1817	524
1817	525
1817	526
1817	527
1817	528
1817	529
1817	530
1817	531
1817	532
1817	533
1817	534
1817	535
1817	536
1817	537
1817	538
1817	539
1818	540
1818	541
1818	542
1818	543
1818	544
1818	545
1818	546
1818	547
1818	548
1818	549
1818	550
1818	551
1818	552
1818	553
1818	554
1818	555
1818	556
1818	557
1818	558
1818	559
1818	560
1818	561
1818	562
1818	563
1818	564
1818	565
1818	566
1818	567
1818	568
1818	569
1819	570
1819	571
1819	572
1819	573
1819	574
1819	575
1819	576
1819	577
1819	578
1819	579
1819	580
1819	581
1819	582
1819	583
1819	584
1819	585
1819	586
1819	587
1819	588
1819	589
1819	590
1819	591
1819	592
1819	593
1819	594
1819	595
1819	596
1819	597
1819	598
1819	599
1820	600
1820	601
1820	602
1820	603
1820	604
1820	605
1820	606
1820	607
1820	608
1820	609
1820	610
1820	611
1820	612
1820	613
1820	614
1820	615
1820	616
1820	617
1820	618
1820	619
1820	620
1820	621
1820	622
1820	623
1820	624
1820	625
1820	626
1820	627
1820	628
1820	629
1821	630
1821	631
1821	632
1821	633
1821	634
1821	635
1821	636
1821	637
1821	638
1821	639
1821	640
1821	641
1821	642
1821	643
1821	644
1821	645
1821	646
1821	647
1821	648
1821	649
1821	650
1821	651
1821	652
1821	653
1821	654
1821	655
1821	656
1821	657
1821	658
1821	659
1822	660
1822	661
1822	662
1822	663
1822	664
1822	665
1822	666
1822	667
1822	668
1822	669
1822	670
1822	671
1822	672
1822	673
1822	674
1822	675
1822	676
1822	677
1822	678
1822	679
1822	680
1822	681
1822	682
1822	683
1822	684
1822	685
1822	686
1822	687
1822	688
1822	689
1823	690
1823	691
1823	692
1823	693
1823	694
1823	695
1823	696
1823	697
1823	698
1823	699
1823	700
1823	701
1823	702
1823	703
1823	704
1823	705
1823	706
1823	707
1823	708
1823	709
1823	710
1823	711
1823	712
1823	713
1823	714
1823	715
1823	716
1823	717
1823	718
1823	719
1824	720
1824	721
1824	722
1824	723
1824	724
1824	725
1824	726
1824	727
1824	728
1824	729
1824	730
1824	731
1824	732
1824	733
1824	734
1824	735
1824	736
1824	737
1824	738
1824	739
1824	740
1824	741
1824	742
1824	743
1824	744
1824	745
1824	746
1824	747
1824	748
1824	749
1825	750
1825	751
1825	752
1825	753
1825	754
1825	755
1825	756
1825	757
1825	758
1825	759
1825	760
1825	761
1825	762
1825	763
1825	764
1825	765
1825	766
1825	767
1825	768
1825	769
1825	770
1825	771
1825	772
1825	773
1825	774
1825	775
1825	776
1825	777
1825	778
1825	779
1826	780
1826	781
1826	782
1826	783
1826	784
1826	785
1826	786
1826	787
1826	788
1826	789
1826	790
1826	791
1826	792
1826	793
1826	794
1826	795
1826	796
1826	797
1826	798
1826	799
1826	800
1826	801
1826	802
1826	803
1826	804
1826	805
1826	806
1826	807
1826	808
1826	809
1827	810
1827	811
1827	812
1827	813
1827	814
1827	815
1827	816
1827	817
1827	818
1827	819
1827	820
1827	821
1827	822
1827	823
1827	824
1827	825
1827	826
1827	827
1827	828
1827	829
1827	830
1827	831
1827	832
1827	833
1827	834
1827	835
1827	836
1827	837
1827	838
1827	839
1828	840
1828	841
1828	842
1828	843
1828	844
1828	845
1828	846
1828	847
1828	848
1828	849
1828	850
1828	851
1828	852
1828	853
1828	854
1828	855
1828	856
1828	857
1828	858
1828	859
1828	860
1828	861
1828	862
1828	863
1828	864
1828	865
1828	866
1828	867
1828	868
1828	869
1829	870
1829	871
1829	872
1829	873
1829	874
1829	875
1829	876
1829	877
1829	878
1829	879
1829	880
1829	881
1829	882
1829	883
1829	884
1829	885
1829	886
1829	887
1829	888
1829	889
1829	890
1829	891
1829	892
1829	893
1829	894
1829	895
1829	896
1829	897
1829	898
1829	899
1830	900
1830	901
1830	902
1830	903
1830	904
1830	905
1830	906
1830	907
1830	908
1830	909
1830	910
1830	911
1830	912
1830	913
1830	914
1830	915
1830	916
1830	917
1830	918
1830	919
1830	920
1830	921
1830	922
1830	923
1830	924
1830	925
1830	926
1830	927
1830	928
1830	929
1831	930
1831	931
1831	932
1831	933
1831	934
1831	935
1831	936
1831	937
1831	938
1831	939
1831	940
1831	941
1831	942
1831	943
1831	944
1831	945
1831	946
1831	947
1831	948
1831	949
1831	950
1831	951
1831	952
1831	953
1831	954
1831	955
1831	956
1831	957
1831	958
1831	959
1832	960
1832	961
1832	962
1832	963
1832	964
1832	965
1832	966
1832	967
1832	968
1832	969
1832	970
1832	971
1832	972
1832	973
1832	974
1832	975
1832	976
1832	977
1832	978
1832	979
1832	980
1832	981
1832	982
1832	983
1832	984
1832	985
1832	986
1832	987
1832	988
1832	989
1833	990
1833	991
1833	992
1833	993
1833	994
1833	995
1833	996
1833	997
1833	998
1833	999
1833	1000
1833	1001
1833	1002
1833	1003
1833	1004
1833	1005
1833	1006
1833	1007
1833	1008
1833	1009
1833	1010
1833	1011
1833	1012
1833	1013
1833	1014
1833	1015
1833	1016
1833	1017
1833	1018
1833	1019
1834	1020
1834	1021
1834	1022
1834	1023
1834	1024
1834	1025
1834	1026
1834	1027
1834	1028
1834	1029
1834	1030
1834	1031
1834	1032
1834	1033
1834	1034
1834	1035
1834	1036
1834	1037
1834	1038
1834	1039
1834	1040
1834	1041
1834	1042
1834	1043
1834	1044
1834	1045
1834	1046
1834	1047
1834	1048
1834	1049
1835	1050
1835	1051
1835	1052
1835	1053
1835	1054
1835	1055
1835	1056
1835	1057
1835	1058
1835	1059
1835	1060
1835	1061
1835	1062
1835	1063
1835	1064
1835	1065
1835	1066
1835	1067
1835	1068
1835	1069
1835	1070
1835	1071
1835	1072
1835	1073
1835	1074
1835	1075
1835	1076
1835	1077
1835	1078
1835	1079
1836	1080
1836	1081
1836	1082
1836	1083
1836	1084
1836	1085
1836	1086
1836	1087
1836	1088
1836	1089
1836	1090
1836	1091
1836	1092
1836	1093
1836	1094
1836	1095
1836	1096
1836	1097
1836	1098
1836	1099
1836	1100
1836	1101
1836	1102
1836	1103
1836	1104
1836	1105
1836	1106
1836	1107
1836	1108
1836	1109
1837	1110
1837	1111
1837	1112
1837	1113
1837	1114
1837	1115
1837	1116
1837	1117
1837	1118
1837	1119
1837	1120
1837	1121
1837	1122
1837	1123
1837	1124
1837	1125
1837	1126
1837	1127
1837	1128
1837	1129
1837	1130
1837	1131
1837	1132
1837	1133
1837	1134
1837	1135
1837	1136
1837	1137
1837	1138
1837	1139
1838	1140
1838	1141
1838	1142
1838	1143
1838	1144
1838	1145
1838	1146
1838	1147
1838	1148
1838	1149
1838	1150
1838	1151
1838	1152
1838	1153
1838	1154
1838	1155
1838	1156
1838	1157
1838	1158
1838	1159
1838	1160
1838	1161
1838	1162
1838	1163
1838	1164
1838	1165
1838	1166
1838	1167
1838	1168
1838	1169
1839	1170
1839	1171
1839	1172
1839	1173
1839	1174
1839	1175
1839	1176
1839	1177
1839	1178
1839	1179
1839	1180
1839	1181
1839	1182
1839	1183
1839	1184
1839	1185
1839	1186
1839	1187
1839	1188
1839	1189
1839	1190
1839	1191
1839	1192
1839	1193
1839	1194
1839	1195
1839	1196
1839	1197
1839	1198
1839	1199
1840	1200
1840	1201
1840	1202
1840	1203
1840	1204
1840	1205
1840	1206
1840	1207
1840	1208
1840	1209
1840	1210
1840	1211
1840	1212
1840	1213
1840	1214
1840	1215
1840	1216
1840	1217
1840	1218
1840	1219
1840	1220
1840	1221
1840	1222
1840	1223
1840	1224
1840	1225
1840	1226
1840	1227
1840	1228
1840	1229
1841	1230
1841	1231
1841	1232
1841	1233
1841	1234
1841	1235
1841	1236
1841	1237
1841	1238
1841	1239
1841	1240
1841	1241
1841	1242
1841	1243
1841	1244
1841	1245
1841	1246
1841	1247
1841	1248
1841	1249
1841	1250
1841	1251
1841	1252
1841	1253
1841	1254
1841	1255
1841	1256
1841	1257
1841	1258
1841	1259
1842	1260
1842	1261
1842	1262
1842	1263
1842	1264
1842	1265
1842	1266
1842	1267
1842	1268
1842	1269
1842	1270
1842	1271
1842	1272
1842	1273
1842	1274
1842	1275
1842	1276
1842	1277
1842	1278
1842	1279
1842	1280
1842	1281
1842	1282
1842	1283
1842	1284
1842	1285
1842	1286
1842	1287
1842	1288
1842	1289
1843	1290
1843	1291
1843	1292
1843	1293
1843	1294
1843	1295
1843	1296
1843	1297
1843	1298
1843	1299
1843	1300
1843	1301
1843	1302
1843	1303
1843	1304
1843	1305
1843	1306
1843	1307
1843	1308
1843	1309
1843	1310
1843	1311
1843	1312
1843	1313
1843	1314
1843	1315
1843	1316
1843	1317
1843	1318
1843	1319
1844	1320
1844	1321
1844	1322
1844	1323
1844	1324
1844	1325
1844	1326
1844	1327
1844	1328
1844	1329
1844	1330
1844	1331
1844	1332
1844	1333
1844	1334
1844	1335
1844	1336
1844	1337
1844	1338
1844	1339
1844	1340
1844	1341
1844	1342
1844	1343
1844	1344
1844	1345
1844	1346
1844	1347
1844	1348
1844	1349
1845	1350
1845	1351
1845	1352
1845	1353
1845	1354
1845	1355
1845	1356
1845	1357
1845	1358
1845	1359
1845	1360
1845	1361
1845	1362
1845	1363
1845	1364
1845	1365
1845	1366
1845	1367
1845	1368
1845	1369
1845	1370
1845	1371
1845	1372
1845	1373
1845	1374
1845	1375
1845	1376
1845	1377
1845	1378
1845	1379
1846	1380
1846	1381
1846	1382
1846	1383
1846	1384
1846	1385
1846	1386
1846	1387
1846	1388
1846	1389
1846	1390
1846	1391
1846	1392
1846	1393
1846	1394
1846	1395
1846	1396
1846	1397
1846	1398
1846	1399
1846	1400
1846	1401
1846	1402
1846	1403
1846	1404
1846	1405
1846	1406
1846	1407
1846	1408
1846	1409
1847	1410
1847	1411
1847	1412
1847	1413
1847	1414
1847	1415
1847	1416
1847	1417
1847	1418
1847	1419
1847	1420
1847	1421
1847	1422
1847	1423
1847	1424
1847	1425
1847	1426
1847	1427
1847	1428
1847	1429
1847	1430
1847	1431
1847	1432
1847	1433
1847	1434
1847	1435
1847	1436
1847	1437
1847	1438
1847	1439
1848	1440
1848	1441
1848	1442
1848	1443
1848	1444
1848	1445
1848	1446
1848	1447
1848	1448
1848	1449
1848	1450
1848	1451
1848	1452
1848	1453
1848	1454
1848	1455
1848	1456
1848	1457
1848	1458
1848	1459
1848	1460
1848	1461
1848	1462
1848	1463
1848	1464
1848	1465
1848	1466
1848	1467
1848	1468
1848	1469
1849	1470
1849	1471
1849	1472
1849	1473
1849	1474
1849	1475
1849	1476
1849	1477
1849	1478
1849	1479
1849	1480
1849	1481
1849	1482
1849	1483
1849	1484
1849	1485
1849	1486
1849	1487
1849	1488
1849	1489
1849	1490
1849	1491
1849	1492
1849	1493
1849	1494
1849	1495
1849	1496
1849	1497
1849	1498
1849	1499
1850	1500
1850	1501
1850	1502
1850	1503
1850	1504
1850	1505
1850	1506
1850	1507
1850	1508
1850	1509
1850	1510
1850	1511
1850	1512
1850	1513
1850	1514
1850	1515
1850	1516
1850	1517
1850	1518
1850	1519
1850	1520
1850	1521
1850	1522
1850	1523
1850	1524
1850	1525
1850	1526
1850	1527
1850	1528
1850	1529
1851	1530
1851	1531
1851	1532
1851	1533
1851	1534
1851	1535
1851	1536
1851	1537
1851	1538
1851	1539
1851	1540
1851	1541
1851	1542
1851	1543
1851	1544
1851	1545
1851	1546
1851	1547
1851	1548
1851	1549
1851	1550
1851	1551
1851	1552
1851	1553
1851	1554
1851	1555
1851	1556
1851	1557
1851	1558
1851	1559
1852	1560
1852	1561
1852	1562
1852	1563
1852	1564
1852	1565
1852	1566
1852	1567
1852	1568
1852	1569
1852	1570
1852	1571
1852	1572
1852	1573
1852	1574
1852	1575
1852	1576
1852	1577
1852	1578
1852	1579
1852	1580
1852	1581
1852	1582
1852	1583
1852	1584
1852	1585
1852	1586
1852	1587
1852	1588
1852	1589
1853	1590
1853	1591
1853	1592
1853	1593
1853	1594
1853	1595
1853	1596
1853	1597
1853	1598
1853	1599
1853	1600
1853	1601
1853	1602
1853	1603
1853	1604
1853	1605
1853	1606
1853	1607
1853	1608
1853	1609
1853	1610
1853	1611
1853	1612
1853	1613
1853	1614
1853	1615
1853	1616
1853	1617
1853	1618
1853	1619
1854	1620
1854	1621
1854	1622
1854	1623
1854	1624
1854	1625
1854	1626
1854	1627
1854	1628
1854	1629
1854	1630
1854	1631
1854	1632
1854	1633
1854	1634
1854	1635
1854	1636
1854	1637
1854	1638
1854	1639
1854	1640
1854	1641
1854	1642
1854	1643
1854	1644
1854	1645
1854	1646
1854	1647
1854	1648
1854	1649
1855	1650
1855	1651
1855	1652
1855	1653
1855	1654
1855	1655
1855	1656
1855	1657
1855	1658
1855	1659
1855	1660
1855	1661
1855	1662
1855	1663
1855	1664
1855	1665
1855	1666
1855	1667
1855	1668
1855	1669
1855	1670
1855	1671
1855	1672
1855	1673
1855	1674
1855	1675
1855	1676
1855	1677
1855	1678
1855	1679
1856	1680
1856	1681
1856	1682
1856	1683
1856	1684
1856	1685
1856	1686
1856	1687
1856	1688
1856	1689
1856	1690
1856	1691
1856	1692
1856	1693
1856	1694
1856	1695
1856	1696
1856	1697
1856	1698
1856	1699
1856	1700
1856	1701
1856	1702
1856	1703
1856	1704
1856	1705
1856	1706
1856	1707
1856	1708
1856	1709
1857	1710
1857	1711
1857	1712
1857	1713
1857	1714
1857	1715
1857	1716
1857	1717
1857	1718
1857	1719
1857	1720
1857	1721
1857	1722
1857	1723
1857	1724
1857	1725
1857	1726
1857	1727
1857	1728
1857	1729
1857	1730
1857	1731
1857	1732
1857	1733
1857	1734
1857	1735
1857	1736
1857	1737
1857	1738
1857	1739
1858	1740
1858	1741
1858	1742
1858	1743
1858	1744
1858	1745
1858	1746
1858	1747
1858	1748
1858	1749
1858	1750
1858	1751
1858	1752
1858	1753
1858	1754
1858	1755
1858	1756
1858	1757
1858	1758
1858	1759
1858	1760
1858	1761
1858	1762
1858	1763
1858	1764
1858	1765
1858	1766
1858	1767
1858	1768
1858	1769
1859	1770
1859	1771
1859	1772
1859	1773
1859	1774
1859	1775
1859	1776
1859	1777
1859	1778
1859	1779
1859	1780
1859	1781
1859	1782
1859	1783
1859	1784
1859	1785
1859	1786
1859	1787
1859	1788
1859	1789
1859	1790
1859	1791
1859	1792
1859	1793
1859	1794
1859	1795
1859	1796
1859	1797
1859	1798
1859	1799
1860	1800
1860	1801
1860	1802
1860	1803
1860	1804
1861	1805
1861	1806
1861	1807
1861	1808
1861	1809
1862	1810
1862	1811
1862	1812
1862	1813
1862	1814
1863	1815
1863	1816
1863	1817
1863	1818
1863	1819
1864	1820
1864	1821
1864	1822
1864	1823
1864	1824
1865	1825
1865	1826
1865	1827
1865	1828
1865	1829
1866	1830
1866	1831
1866	1832
1866	1833
1866	1834
1867	1835
1867	1836
1867	1837
1867	1838
1867	1839
1868	1840
1868	1841
1868	1842
1868	1843
1868	1844
1869	1845
1869	1846
1869	1847
1869	1848
1869	1849
1870	1850
1870	1851
1870	1852
1870	1853
1870	1854
1871	1855
1871	1856
1871	1857
1871	1858
1871	1859
1872	1860
1872	1861
1872	1862
1872	1863
1873	1864
1873	1865
1873	1866
1873	1867
1874	1868
1874	1869
1874	1870
1874	1871
1875	1872
1875	1873
1875	1874
