2331	2314
2314	83
2315	2018
2315	2033
2315	2093
2315	1361
2315	2055
2315	716
2315	202
2315	1479
2315	236
2315	205
2315	1838
2315	1645
2315	912
2315	1265
2315	2291
2315	597
2315	566
2315	248
2315	985
2315	1530
2315	731
2316	1060
2317	769
2318	1017
2319	1088
2319	1857
2319	131
2319	1767
2319	1390
2319	2096
2319	1041
2319	1699
2319	1230
2319	1655
2319	1368
2320	2051
2320	1032
2320	526
2320	529
2320	2067
2320	2069
2320	22
2320	23
2320	536
2320	537
2320	26
2320	1455
2320	541
2320	542
2320	545
2320	1570
2320	1061
2320	2086
2320	2087
2320	2091
2320	605
2320	53
2320	1519
2320	59
2320	2111
2320	1632
2320	1090
2320	1606
2320	1292
2320	2122
2320	2287
2320	1464
2320	2147
2320	2135
2320	1628
2320	93
2320	2142
2320	2149
2320	608
2320	97
2320	99
2320	1894
2320	614
2320	615
2320	104
2320	1642
2320	1136
2320	113
2320	1138
2320	1139
2320	2164
2320	1146
2320	2172
2320	125
2320	638
2320	128
2320	2217
2320	2182
2320	1674
2320	1218
2320	1681
2320	2195
2320	1684
2320	2170
2320	1174
2320	2073
2320	2203
2320	1693
2320	2206
2320	2208
2320	164
2320	1990
2320	169
2320	2162
2320	2225
2320	1714
2320	2227
2320	180
2320	1207
2320	185
2320	699
2320	2239
2320	706
2320	707
2320	198
2320	2251
2320	206
2320	1742
2320	1750
2320	727
2320	1658
2320	2270
2320	224
2320	739
2320	229
2320	742
2320	1771
2320	1262
2320	1661
2320	247
2320	761
2320	252
2320	2301
2320	766
2320	770
2320	260
2320	779
2320	780
2320	1295
2320	1809
2320	275
2320	1812
2320	789
2320	1303
2320	1816
2320	1924
2320	796
2320	285
2320	291
2320	1318
2320	295
2320	2039
2320	825
2320	324
2320	1868
2320	1872
2320	1763
2320	1364
2320	1878
2320	1885
2320	1765
2320	352
2320	866
2320	1495
2320	1898
2320	368
2320	1512
2320	885
2320	887
2320	1002
2320	1408
2320	897
2320	2283
2320	1412
2320	1925
2320	1888
2320	1930
2320	1420
2320	1422
2320	1517
2320	1936
2320	1427
2320	1942
2320	1943
2320	1946
2320	411
2320	1956
2320	1804
2320	1961
2320	938
2320	941
2320	943
2320	1456
2320	1457
2320	1974
2320	440
2320	1977
2320	955
2320	1983
2320	1474
2320	966
2320	1482
2320	971
2320	1997
2320	1998
2320	464
2320	2001
2320	471
2320	2212
2320	2011
2320	477
2320	1505
2320	994
2320	2113
2320	2023
2320	1000
2320	490
2320	493
2320	1007
2320	1520
2320	1012
2320	2037
2320	1014
2320	1527
2320	2040
2320	443
2321	1423
2321	287
2322	720
2322	2132
2322	847
2323	2
2323	7
2323	12
2323	2050
2323	14
2323	2064
2323	2072
2323	27
2323	36
2323	2085
2323	2089
2323	2090
2323	44
2323	2098
2323	51
2323	2101
2323	56
2323	2106
2323	63
2323	2114
2323	68
2323	2118
2323	2119
2323	2123
2323	76
2323	2125
2323	2126
2323	79
2323	2130
2323	84
2323	2134
2323	87
2323	91
2323	95
2323	100
2323	2152
2323	106
2323	111
2323	2161
2323	2163
2323	2168
2323	121
2323	123
2323	2175
2323	2177
2323	130
2323	134
2323	135
2323	136
2323	2185
2323	2186
2323	2187
2323	142
2323	2194
2323	147
2323	154
2323	156
2323	2207
2323	161
2323	2222
2323	2224
2323	182
2323	2238
2323	2241
2323	195
2323	2246
2323	2250
2323	2255
2323	2256
2323	2259
2323	2261
2323	214
2323	215
2323	2265
2323	220
2323	222
2323	226
2323	2275
2323	233
2323	2282
2323	235
2323	237
2323	249
2323	250
2323	251
2323	2302
2323	258
2323	259
2323	2309
2323	263
2323	267
2323	269
2323	276
2323	278
2323	280
2323	284
2323	289
2323	299
2323	315
2323	322
2323	323
2323	330
2323	334
2323	2104
2323	346
2323	361
2323	374
2323	380
2323	385
2323	390
2323	395
2323	405
2323	406
2323	409
2323	413
2323	414
2323	416
2323	417
2323	421
2323	425
2323	442
2323	459
2323	463
2323	467
2323	473
2323	2127
2323	482
2323	487
2323	497
2323	499
2323	500
2323	501
2323	512
2323	513
2323	514
2323	519
2323	521
2323	525
2323	528
2323	530
2323	531
2323	540
2323	544
2323	549
2323	550
2323	557
2323	558
2323	567
2323	575
2323	577
2323	579
2323	581
2323	584
2323	586
2323	587
2323	590
2323	591
2323	602
2323	610
2323	611
2323	613
2323	623
2323	639
2323	652
2323	656
2323	663
2323	665
2323	673
2323	681
2323	695
2323	705
2323	708
2323	710
2323	712
2323	715
2323	721
2323	724
2323	729
2323	732
2323	735
2323	738
2323	743
2323	744
2323	746
2323	748
2323	751
2323	754
2323	756
2323	759
2323	760
2323	765
2323	767
2323	776
2323	2178
2323	782
2323	785
2323	800
2323	804
2323	810
2323	812
2323	813
2323	814
2323	827
2323	831
2323	839
2323	848
2323	861
2323	864
2323	865
2323	868
2323	869
2323	872
2323	873
2323	874
2323	875
2323	878
2323	879
2323	888
2323	892
2323	918
2323	919
2323	932
2323	939
2323	944
2323	952
2323	954
2323	956
2323	963
2323	972
2323	975
2323	977
2323	984
2323	992
2323	998
2323	1031
2323	1036
2323	1038
2323	1043
2323	1044
2323	1050
2323	1051
2323	1055
2323	1057
2323	1058
2323	1062
2323	1063
2323	1064
2323	1070
2323	1071
2323	1079
2323	1087
2323	1094
2323	1096
2323	1099
2323	1105
2323	1112
2323	1118
2323	1119
2323	1125
2323	1128
2323	1133
2323	1137
2323	1148
2323	1153
2323	1156
2323	1162
2323	1164
2323	1165
2323	1167
2323	1168
2323	1169
2323	1171
2323	1172
2323	1185
2323	1187
2323	1192
2323	1205
2323	1209
2323	1216
2323	1219
2323	1225
2323	1226
2323	1234
2323	1235
2323	1239
2323	1245
2323	1250
2323	1266
2323	1274
2323	1277
2323	1284
2323	2262
2323	1300
2323	1306
2323	1309
2323	1312
2323	1316
2323	1330
2323	1338
2323	1341
2323	1344
2323	1369
2323	1373
2323	1378
2323	1384
2323	1385
2323	1395
2323	1398
2323	2281
2323	1419
2323	1424
2323	1426
2323	1429
2323	1440
2323	1447
2323	1460
2323	1472
2323	1475
2323	1480
2323	1486
2323	1491
2323	1498
2323	1503
2323	1506
2323	2299
2323	1518
2323	1524
2323	1529
2323	1534
2323	1547
2323	1558
2323	1559
2323	1565
2323	1574
2323	1576
2323	1582
2323	1584
2323	1585
2323	1591
2323	1596
2323	1608
2323	1620
2323	1621
2323	1626
2323	1638
2323	1640
2323	1650
2323	1664
2323	1668
2323	1670
2323	1672
2323	1676
2323	1682
2323	1690
2323	1705
2323	1707
2323	1709
2323	1716
2323	1718
2323	1724
2323	1727
2323	1729
2323	1738
2323	1739
2323	1746
2323	1747
2323	1753
2323	1754
2323	1766
2323	1777
2323	1784
2323	1786
2323	1793
2323	1799
2323	1815
2323	1826
2323	2243
2323	1836
2323	1837
2323	1840
2323	1843
2323	1844
2323	1845
2323	1850
2323	1854
2323	1858
2323	1860
2323	1861
2323	1865
2323	1867
2323	1871
2323	1880
2323	1883
2323	1889
2323	1902
2323	1909
2323	1917
2323	1918
2323	1922
2323	1928
2323	1929
2323	1941
2323	1952
2323	1958
2323	1962
2323	1963
2323	1966
2323	1968
2323	1987
2323	1992
2323	1995
2323	2009
2323	2017
2323	2024
2323	2044
2323	2047
2324	1
2324	3
2324	8
2324	2057
2324	18
2324	20
2324	21
2324	2070
2324	2071
2324	2077
2324	2080
2324	33
2324	2084
2324	40
2324	43
2324	46
2324	47
2324	48
2324	49
2324	50
2324	2102
2324	58
2324	60
2324	2109
2324	64
2324	65
2324	2116
2324	70
2324	71
2324	73
2324	74
2324	78
2324	2129
2324	2131
2324	85
2324	86
2324	94
2324	2146
2324	2150
2324	103
2324	2155
2324	2157
2324	119
2324	2169
2324	126
2324	2176
2324	141
2324	2197
2324	2198
2324	2201
2324	2205
2324	158
2324	160
2324	2209
2324	2214
2324	171
2324	172
2324	2221
2324	175
2324	2226
2324	179
2324	2228
2324	2232
2324	187
2324	191
2324	192
2324	32
2324	2248
2324	2249
2324	209
2324	211
2324	2260
2324	2121
2324	2264
2324	2266
2324	2269
2324	2286
2324	243
2324	244
2324	245
2324	253
2324	2304
2324	2305
2324	2308
2324	264
2324	274
2324	281
2324	282
2324	288
2324	2097
2324	300
2324	301
2324	304
2324	2056
2324	313
2324	316
2324	317
2324	318
2324	320
2324	332
2324	338
2324	342
2324	344
2324	348
2324	350
2324	354
2324	365
2324	366
2324	376
2324	379
2324	382
2324	383
2324	2112
2324	386
2324	389
2324	392
2324	397
2324	399
2324	403
2324	418
2324	423
2324	429
2324	435
2324	437
2324	438
2324	439
2324	444
2324	445
2324	449
2324	468
2324	470
2324	476
2324	479
2324	480
2324	494
2324	496
2324	504
2324	518
2324	547
2324	548
2324	553
2324	570
2324	576
2324	588
2324	589
2324	599
2324	629
2324	631
2324	632
2324	633
2324	637
2324	642
2324	647
2324	654
2324	655
2324	660
2324	674
2324	677
2324	687
2324	694
2324	709
2324	714
2324	2167
2324	726
2324	730
2324	741
2324	747
2324	755
2324	762
2324	763
2324	764
2324	772
2324	778
2324	791
2324	792
2324	808
2324	811
2324	816
2324	818
2324	821
2324	832
2324	836
2324	837
2324	841
2324	843
2324	850
2324	852
2324	855
2324	871
2324	876
2324	881
2324	884
2324	886
2324	893
2324	894
2324	898
2324	906
2324	907
2324	920
2324	922
2324	931
2324	942
2324	947
2324	948
2324	949
2324	950
2324	953
2324	958
2324	965
2324	970
2324	980
2324	981
2324	996
2324	997
2324	1005
2324	1006
2324	1016
2324	1019
2324	1020
2324	1023
2324	1024
2324	1029
2324	1035
2324	1054
2324	1065
2324	1067
2324	1069
2324	1076
2324	1083
2324	1085
2324	1092
2324	1097
2324	1103
2324	1117
2324	1123
2324	1143
2324	1144
2324	1145
2324	1150
2324	1151
2324	1152
2324	1160
2324	1173
2324	1182
2324	1197
2324	1204
2324	1212
2324	1215
2324	1229
2324	1243
2324	1248
2324	1251
2324	1271
2324	1275
2324	1283
2324	1286
2324	1290
2324	1293
2324	1297
2324	1298
2324	1302
2324	1304
2324	1305
2324	1311
2324	1322
2324	1326
2324	1336
2324	1337
2324	1346
2324	1353
2324	1356
2324	1362
2324	1365
2324	1367
2324	1376
2324	1379
2324	1381
2324	1394
2324	1400
2324	1404
2324	1405
2324	1407
2324	1431
2324	1433
2324	1434
2324	1436
2324	1441
2324	1449
2324	1451
2324	1459
2324	1461
2324	1468
2324	1476
2324	1489
2324	1492
2324	1494
2324	1500
2324	1509
2324	1515
2324	1522
2324	1532
2324	1539
2324	1545
2324	1546
2324	1548
2324	1561
2324	1562
2324	1568
2324	1572
2324	1573
2324	2312
2324	1587
2324	2235
2324	1599
2324	1601
2324	1622
2324	1629
2324	1634
2324	1636
2324	1641
2324	1643
2324	1649
2324	1651
2324	1654
2324	1660
2324	1665
2324	1677
2324	1698
2324	1701
2324	1719
2324	1728
2324	1733
2324	1735
2324	1744
2324	1745
2324	1756
2324	1761
2324	1768
2324	1772
2324	1780
2324	1783
2324	1787
2324	1791
2324	1794
2324	1796
2324	1797
2324	1806
2324	1807
2324	1808
2324	1811
2324	1814
2324	1819
2324	1824
2324	1830
2324	1849
2324	1859
2324	1874
2324	1875
2324	1881
2324	1895
2324	1896
2324	1900
2324	1914
2324	1940
2324	1949
2324	1951
2324	1954
2324	1955
2324	1959
2324	1965
2324	1970
2324	1972
2324	1975
2324	1980
2324	1988
2324	1996
2324	2036
2324	2038
2324	2041
2325	2048
2325	2220
2325	2058
2325	524
2325	1550
2325	527
2325	1040
2325	1557
2325	1048
2325	539
2325	543
2325	1578
2325	556
2325	563
2325	568
2325	572
2325	2110
2325	1602
2325	72
2325	1098
2325	77
2325	2128
2325	594
2325	1107
2325	2136
2325	601
2325	92
2325	1630
2325	609
2325	2151
2325	617
2325	1644
2325	2158
2325	635
2325	1149
2325	1154
2325	2180
2325	133
2325	108
2325	651
2325	1166
2325	151
2325	1688
2325	1689
2325	666
2325	669
2325	168
2325	1708
2325	2223
2325	183
2325	193
2325	1741
2325	207
2325	2258
2325	1749
2325	1751
2325	719
2325	2268
2325	2271
2325	2171
2325	2190
2325	1776
2325	296
2325	2290
2325	2300
2325	1789
2325	1278
2325	256
2325	774
2325	2263
2325	784
2325	1669
2325	290
2325	2267
2325	1828
2325	293
2325	294
2325	1832
2325	809
2325	1323
2325	2099
2325	1163
2325	1354
2325	845
2325	1877
2325	1882
2325	1886
2325	2181
2325	1926
2325	391
2325	412
2325	2202
2325	927
2325	2289
2325	427
2325	1969
2325	1463
2325	1466
2325	1610
2325	961
2325	1991
2325	456
2325	466
2325	469
2325	475
2325	990
2325	2016
2325	1511
2325	2034
2325	503
2325	2043
2326	1536
2326	1280
2326	1538
2326	515
2326	4
2326	5
2326	1542
2326	2049
2326	522
2326	13
2326	15
2326	1555
2326	2068
2326	533
2326	534
2326	1113
2326	24
2326	1049
2326	1563
2326	2183
2326	1114
2326	517
2326	1569
2326	34
2326	1627
2326	39
2326	2088
2326	2013
2326	1579
2326	2095
2326	2028
2326	1073
2326	1074
2326	1588
2326	1078
2326	571
2326	62
2326	580
2326	1121
2326	1612
2326	1037
2326	593
2326	82
2326	2236
2326	89
2326	90
2326	603
2326	2140
2326	607
2326	685
2326	1122
2326	1635
2326	1126
2326	1129
2326	619
2326	1947
2326	1702
2326	701
2326	2160
2326	2237
2326	1194
2326	1327
2326	1659
2326	636
2326	2173
2326	1743
2326	640
2326	129
2326	132
2326	645
2326	1159
2326	2184
2326	138
2326	139
2326	1678
2326	2191
2326	146
2326	659
2326	148
2326	662
2326	793
2326	1176
2326	153
2326	155
2326	668
2326	670
2326	159
2326	672
2326	1904
2326	162
2326	675
2326	676
2326	1189
2326	1190
2326	1704
2326	682
2326	684
2326	173
2326	1540
2326	1202
2326	2230
2326	1993
2326	2233
2326	186
2326	1370
2326	189
2326	702
2326	1731
2326	196
2326	1221
2326	1222
2326	711
2326	1541
2326	2082
2326	1485
2326	208
2326	1233
2326	210
2326	723
2326	1237
2326	216
2326	219
2326	733
2326	734
2326	223
2326	2272
2326	225
2326	1762
2326	2277
2326	2278
2326	231
2326	2280
2326	1257
2326	551
2326	1261
2326	750
2326	239
2326	753
2326	1778
2326	1268
2326	1269
2326	1785
2326	1788
2326	1790
2326	255
2326	768
2326	1281
2326	2293
2326	773
2326	262
2326	641
2326	1345
2326	1289
2326	268
2326	270
2326	1752
2326	1810
2326	1301
2326	279
2326	644
2326	283
2326	1822
2326	1157
2326	801
2326	1220
2326	805
2326	1319
2326	298
2326	1927
2326	1325
2326	1800
2326	815
2326	1328
2326	305
2326	819
2326	308
2326	1246
2326	310
2326	823
2326	314
2326	1340
2326	319
2326	1625
2326	321
2326	835
2326	822
2326	737
2326	840
2326	908
2326	1335
2326	846
2326	335
2326	849
2326	1516
2326	1932
2326	341
2326	1879
2326	345
2326	858
2326	826
2326	2216
2326	355
2326	1892
2326	358
2326	1937
2326	360
2326	1852
2326	363
2326	1388
2326	1391
2326	880
2326	1905
2326	373
2326	1910
2326	1912
2326	1401
2326	1402
2326	1855
2326	2008
2326	896
2326	1410
2326	1259
2326	388
2326	902
2326	903
2326	1416
2326	1417
2326	396
2326	910
2326	1773
2326	913
2326	915
2326	916
2326	917
2326	1177
2326	1945
2326	410
2326	1775
2326	926
2326	1439
2326	2213
2326	930
2326	1329
2326	1445
2326	422
2326	935
2326	936
2326	2204
2326	426
2326	1452
2326	431
2326	432
2326	945
2326	2139
2326	1465
2326	1873
2326	447
2326	1984
2326	1985
2326	1355
2326	453
2326	454
2326	968
2326	969
2326	1483
2326	461
2326	462
2326	976
2326	1443
2326	1631
2326	982
2326	1496
2326	1497
2326	986
2326	1359
2326	988
2326	1501
2326	1502
2326	2015
2326	1504
2326	934
2326	1414
2326	1725
2326	1039
2326	1513
2326	2026
2326	1003
2326	1004
2326	1106
2326	2032
2326	1521
2326	1011
2326	1633
2326	2107
2326	1531
2326	1021
2326	853
2327	2052
2327	9
2327	10
2327	11
2327	2060
2327	2061
2327	2063
2327	16
2327	2066
2327	19
2327	25
2327	2074
2327	2075
2327	28
2327	31
2327	2083
2327	37
2327	41
2327	2094
2327	55
2327	2105
2327	61
2327	66
2327	2059
2327	2117
2327	2124
2327	80
2327	2133
2327	88
2327	2137
2327	2141
2327	2144
2327	2145
2327	2148
2327	101
2327	102
2327	105
2327	109
2327	110
2327	2159
2327	112
2327	115
2327	116
2327	2165
2327	118
2327	124
2327	137
2327	140
2327	2192
2327	145
2327	2196
2327	2199
2327	2210
2327	2211
2327	165
2327	2215
2327	2076
2327	174
2327	176
2327	2229
2327	2234
2327	2079
2327	188
2327	190
2327	2242
2327	2245
2327	199
2327	200
2327	201
2327	203
2327	2252
2327	2253
2327	212
2327	213
2327	2273
2327	2274
2327	227
2327	2276
2327	232
2327	234
2327	2285
2327	238
2327	240
2327	241
2327	246
2327	2296
2327	2297
2327	254
2327	257
2327	2306
2327	2307
2327	2310
2327	2311
2327	265
2327	272
2327	273
2327	286
2327	303
2327	306
2327	311
2327	312
2327	325
2327	326
2327	327
2327	329
2327	331
2327	343
2327	347
2327	351
2327	353
2327	356
2327	359
2327	362
2327	364
2327	369
2327	370
2327	372
2327	375
2327	381
2327	387
2327	401
2327	404
2327	407
2327	408
2327	415
2327	419
2327	430
2327	433
2327	434
2327	441
2327	446
2327	450
2327	452
2327	455
2327	458
2327	460
2327	465
2327	472
2327	478
2327	481
2327	484
2327	491
2327	492
2327	498
2327	502
2327	505
2327	506
2327	509
2327	510
2327	511
2327	516
2327	520
2327	523
2327	532
2327	535
2327	538
2327	546
2327	554
2327	555
2327	559
2327	562
2327	564
2327	565
2327	569
2327	578
2327	585
2327	592
2327	596
2327	604
2327	606
2327	616
2327	620
2327	624
2327	630
2327	643
2327	648
2327	649
2327	658
2327	661
2327	667
2327	679
2327	683
2327	686
2327	688
2327	689
2327	690
2327	691
2327	692
2327	693
2327	698
2327	703
2327	704
2327	718
2327	722
2327	725
2327	728
2327	736
2327	752
2327	758
2327	775
2327	777
2327	781
2327	786
2327	787
2327	788
2327	794
2327	797
2327	798
2327	802
2327	803
2327	807
2327	824
2327	829
2327	830
2327	833
2327	2188
2327	851
2327	860
2327	862
2327	863
2327	2193
2327	877
2327	883
2327	890
2327	900
2327	901
2327	904
2327	909
2327	923
2327	924
2327	928
2327	937
2327	951
2327	959
2327	960
2327	978
2327	983
2327	991
2327	993
2327	1001
2327	1008
2327	1009
2327	1010
2327	1013
2327	1015
2327	1022
2327	1027
2327	1030
2327	1042
2327	1045
2327	1046
2327	1053
2327	1056
2327	1059
2327	1068
2327	1072
2327	1075
2327	1080
2327	1086
2327	1091
2327	1093
2327	1095
2327	1102
2327	1104
2327	1109
2327	1111
2327	1130
2327	1131
2327	1134
2327	1140
2327	1141
2327	1161
2327	1170
2327	1175
2327	1178
2327	1181
2327	1186
2327	1195
2327	1199
2327	1201
2327	1206
2327	1211
2327	1213
2327	1217
2327	1223
2327	1242
2327	1247
2327	1252
2327	1253
2327	1254
2327	1255
2327	1260
2327	1263
2327	1270
2327	1272
2327	1276
2327	1282
2327	1299
2327	1310
2327	1313
2327	1324
2327	1331
2327	1332
2327	1333
2327	1334
2327	1342
2327	1348
2327	1349
2327	1357
2327	1358
2327	1360
2327	1363
2327	1372
2327	1374
2327	1386
2327	1389
2327	1393
2327	1397
2327	1399
2327	1406
2327	1411
2327	1421
2327	1425
2327	1428
2327	1430
2327	1435
2327	1438
2327	1444
2327	1448
2327	1450
2327	1458
2327	1467
2327	1470
2327	1471
2327	1481
2327	1484
2327	1488
2327	1490
2327	1493
2327	1514
2327	1543
2327	1549
2327	1551
2327	1560
2327	2247
2327	1564
2327	1566
2327	1567
2327	1571
2327	1577
2327	1580
2327	1581
2327	1589
2327	2313
2327	1595
2327	1600
2327	1604
2327	1607
2327	1613
2327	1615
2327	1616
2327	1619
2327	1624
2327	1639
2327	1646
2327	1647
2327	1656
2327	1671
2327	1673
2327	1675
2327	1680
2327	1685
2327	1686
2327	1691
2327	1694
2327	1700
2327	1703
2327	1710
2327	1717
2327	1720
2327	1736
2327	1755
2327	1764
2327	1769
2327	1770
2327	1779
2327	1781
2327	1782
2327	1803
2327	1805
2327	1813
2327	1818
2327	1823
2327	1825
2327	1829
2327	1834
2327	1835
2327	1841
2327	1842
2327	1846
2327	1851
2327	1853
2327	1864
2327	1869
2327	1870
2327	1884
2327	1887
2327	1891
2327	1897
2327	1901
2327	1907
2327	1908
2327	1911
2327	1913
2327	1916
2327	1919
2327	1920
2327	1921
2327	1923
2327	1933
2327	1950
2327	1957
2327	1960
2327	1964
2327	1967
2327	1976
2327	1978
2327	1981
2327	1989
2327	1994
2327	1999
2327	2000
2327	2004
2327	2006
2327	2014
2327	2020
2327	2022
2327	2025
2327	2030
2327	2031
2327	2035
2327	2046
2328	0
2328	2053
2328	6
2328	2062
2328	17
2328	29
2328	30
2328	2081
2328	35
2328	2054
2328	38
2328	42
2328	2092
2328	45
2328	52
2328	54
2328	2103
2328	57
2328	2108
2328	67
2328	69
2328	2120
2328	75
2328	81
2328	2138
2328	2143
2328	96
2328	98
2328	2065
2328	2153
2328	2154
2328	107
2328	2156
2328	114
2328	117
2328	2166
2328	120
2328	122
2328	2174
2328	127
2328	2179
2328	2189
2328	143
2328	144
2328	149
2328	150
2328	152
2328	157
2328	163
2328	166
2328	167
2328	170
2328	2219
2328	177
2328	178
2328	181
2328	2231
2328	184
2328	2240
2328	194
2328	2244
2328	197
2328	204
2328	2254
2328	2257
2328	217
2328	218
2328	221
2328	228
2328	230
2328	2279
2328	2284
2328	2288
2328	242
2328	2292
2328	2294
2328	2295
2328	2298
2328	2303
2328	261
2328	266
2328	271
2328	277
2328	292
2328	297
2328	302
2328	307
2328	309
2328	2100
2328	328
2328	333
2328	336
2328	337
2328	339
2328	340
2328	349
2328	357
2328	367
2328	371
2328	377
2328	378
2328	384
2328	393
2328	394
2328	398
2328	400
2328	402
2328	2115
2328	420
2328	424
2328	428
2328	436
2328	448
2328	451
2328	457
2328	474
2328	483
2328	485
2328	486
2328	488
2328	489
2328	495
2328	507
2328	508
2328	552
2328	560
2328	561
2328	573
2328	574
2328	582
2328	583
2328	595
2328	598
2328	600
2328	612
2328	618
2328	621
2328	622
2328	625
2328	626
2328	627
2328	628
2328	634
2328	646
2328	650
2328	653
2328	657
2328	664
2328	671
2328	678
2328	680
2328	696
2328	697
2328	700
2328	713
2328	717
2328	740
2328	745
2328	749
2328	757
2328	771
2328	783
2328	790
2328	795
2328	799
2328	806
2328	817
2328	828
2328	834
2328	838
2328	842
2328	844
2328	854
2328	856
2328	857
2328	859
2328	867
2328	870
2328	882
2328	889
2328	891
2328	895
2328	899
2328	905
2328	911
2328	2200
2328	914
2328	921
2328	925
2328	929
2328	933
2328	940
2328	946
2328	957
2328	962
2328	964
2328	967
2328	2078
2328	973
2328	974
2328	979
2328	987
2328	989
2328	995
2328	999
2328	1018
2328	2218
2328	1025
2328	1026
2328	1028
2328	1033
2328	1034
2328	1047
2328	1052
2328	1066
2328	1077
2328	1081
2328	1082
2328	1084
2328	1089
2328	1100
2328	1101
2328	1108
2328	1110
2328	1115
2328	1124
2328	1127
2328	1132
2328	1135
2328	1142
2328	1147
2328	1155
2328	1158
2328	1179
2328	1180
2328	1183
2328	1184
2328	1188
2328	1191
2328	1193
2328	1196
2328	1198
2328	1200
2328	1203
2328	1208
2328	1210
2328	1214
2328	1227
2328	1228
2328	1231
2328	1232
2328	1236
2328	1238
2328	1240
2328	1241
2328	1244
2328	1249
2328	1256
2328	1258
2328	1264
2328	1267
2328	1273
2328	1279
2328	1285
2328	1287
2328	1288
2328	1291
2328	1294
2328	1296
2328	1307
2328	1308
2328	1314
2328	1315
2328	1317
2328	1320
2328	1321
2328	1339
2328	1343
2328	1347
2328	1350
2328	1351
2328	1352
2328	1366
2328	1371
2328	1375
2328	1377
2328	1380
2328	1382
2328	1383
2328	1387
2328	1392
2328	1396
2328	1403
2328	1409
2328	1413
2328	1415
2328	1418
2328	1432
2328	1437
2328	1442
2328	1446
2328	1453
2328	1454
2328	1462
2328	1469
2328	1473
2328	1477
2328	1478
2328	1487
2328	1499
2328	1507
2328	1508
2328	1510
2328	1523
2328	1526
2328	1528
2328	1533
2328	1535
2328	1537
2328	1544
2328	1552
2328	1553
2328	1554
2328	1556
2328	1575
2328	1583
2328	1586
2328	1590
2328	1592
2328	1593
2328	1594
2328	1597
2328	1598
2328	1603
2328	1605
2328	1609
2328	1611
2328	1614
2328	1617
2328	1618
2328	1623
2328	1637
2328	1648
2328	1652
2328	1653
2328	1657
2328	1662
2328	1663
2328	1666
2328	1667
2328	1679
2328	1683
2328	1687
2328	1692
2328	1695
2328	1696
2328	1697
2328	1706
2328	1711
2328	1712
2328	1713
2328	1715
2328	1721
2328	1722
2328	1723
2328	1726
2328	1730
2328	1732
2328	1734
2328	1737
2328	1740
2328	1748
2328	1757
2328	1758
2328	1759
2328	1760
2328	1774
2328	1792
2328	1795
2328	1798
2328	1801
2328	1802
2328	1817
2328	1820
2328	1821
2328	1827
2328	1831
2328	1833
2328	1839
2328	1847
2328	1848
2328	1856
2328	1862
2328	1863
2328	1866
2328	1876
2328	1890
2328	1893
2328	1899
2328	1903
2328	1906
2328	1915
2328	1931
2328	1934
2328	1935
2328	1938
2328	1939
2328	1944
2328	1948
2328	1953
2328	1971
2328	1973
2328	1979
2328	1982
2328	1986
2328	2002
2328	2003
2328	2005
2328	2007
2328	2010
2328	2012
2328	2019
2328	2021
2328	2027
2328	2029
2328	2042
2328	2045
2329	1120
2329	1116
2329	820
2329	1525
2329	1224
2330	2314
2330	2315
2330	2316
2330	2317
2330	2318
2330	2319
2330	2320
2330	2321
2330	2322
2330	2323
2330	2324
2330	2325
2330	2326
2330	2327
2330	2328
2330	2329
