2645	2560
2560	0
2560	1
2560	2
2560	3
2560	4
2560	5
2560	6
2560	7
2560	8
2560	9
2560	10
2560	11
2560	12
2560	13
2560	14
2560	15
2560	16
2560	17
2560	18
2560	19
2560	20
2560	21
2560	22
2560	23
2560	24
2560	25
2560	26
2560	27
2560	28
2560	29
2560	30
2560	31
2560	32
2560	33
2560	34
2560	35
2560	36
2560	37
2560	38
2560	39
2561	40
2561	41
2561	42
2561	43
2561	44
2561	45
2561	46
2561	47
2561	48
2561	49
2561	50
2561	51
2561	52
2561	53
2561	54
2561	55
2561	56
2561	57
2561	58
2561	59
2561	60
2561	61
2561	62
2561	63
2561	64
2561	65
2561	66
2561	67
2561	68
2561	69
2561	70
2561	71
2561	72
2561	73
2561	74
2561	75
2561	76
2561	77
2561	78
2561	79
2562	80
2562	81
2562	82
2562	83
2562	84
2562	85
2562	86
2562	87
2562	88
2562	89
2562	90
2562	91
2562	92
2562	93
2562	94
2562	95
2562	96
2562	97
2562	98
2562	99
2562	100
2562	101
2562	102
2562	103
2562	104
2562	105
2562	106
2562	107
2562	108
2562	109
2562	110
2562	111
2562	112
2562	113
2562	114
2562	115
2562	116
2562	117
2562	118
2562	119
2563	120
2563	121
2563	122
2563	123
2563	124
2563	125
2563	126
2563	127
2563	128
2563	129
2563	130
2563	131
2563	132
2563	133
2563	134
2563	135
2563	136
2563	137
2563	138
2563	139
2563	140
2563	141
2563	142
2563	143
2563	144
2563	145
2563	146
2563	147
2563	148
2563	149
2563	150
2563	151
2563	152
2563	153
2563	154
2563	155
2563	156
2563	157
2563	158
2563	159
2564	160
2564	161
2564	162
2564	163
2564	164
2564	165
2564	166
2564	167
2564	168
2564	169
2564	170
2564	171
2564	172
2564	173
2564	174
2564	175
2564	176
2564	177
2564	178
2564	179
2564	180
2564	181
2564	182
2564	183
2564	184
2564	185
2564	186
2564	187
2564	188
2564	189
2564	190
2564	191
2564	192
2564	193
2564	194
2564	195
2564	196
2564	197
2564	198
2564	199
2565	200
2565	201
2565	202
2565	203
2565	204
2565	205
2565	206
2565	207
2565	208
2565	209
2565	210
2565	211
2565	212
2565	213
2565	214
2565	215
2565	216
2565	217
2565	218
2565	219
2565	220
2565	221
2565	222
2565	223
2565	224
2565	225
2565	226
2565	227
2565	228
2565	229
2565	230
2565	231
2565	232
2565	233
2565	234
2565	235
2565	236
2565	237
2565	238
2565	239
2566	240
2566	241
2566	242
2566	243
2566	244
2566	245
2566	246
2566	247
2566	248
2566	249
2566	250
2566	251
2566	252
2566	253
2566	254
2566	255
2566	256
2566	257
2566	258
2566	259
2566	260
2566	261
2566	262
2566	263
2566	264
2566	265
2566	266
2566	267
2566	268
2566	269
2566	270
2566	271
2566	272
2566	273
2566	274
2566	275
2566	276
2566	277
2566	278
2566	279
2567	280
2567	281
2567	282
2567	283
2567	284
2567	285
2567	286
2567	287
2567	288
2567	289
2567	290
2567	291
2567	292
2567	293
2567	294
2567	295
2567	296
2567	297
2567	298
2567	299
2567	300
2567	301
2567	302
2567	303
2567	304
2567	305
2567	306
2567	307
2567	308
2567	309
2567	310
2567	311
2567	312
2567	313
2567	314
2567	315
2567	316
2567	317
2567	318
2567	319
2568	320
2568	321
2568	322
2568	323
2568	324
2568	325
2568	326
2568	327
2568	328
2568	329
2568	330
2568	331
2568	332
2568	333
2568	334
2568	335
2568	336
2568	337
2568	338
2568	339
2568	340
2568	341
2568	342
2568	343
2568	344
2568	345
2568	346
2568	347
2568	348
2568	349
2568	350
2568	351
2568	352
2568	353
2568	354
2568	355
2568	356
2568	357
2568	358
2568	359
2569	360
2569	361
2569	362
2569	363
2569	364
2569	365
2569	366
2569	367
2569	368
2569	369
2569	370
2569	371
2569	372
2569	373
2569	374
2569	375
2569	376
2569	377
2569	378
2569	379
2569	380
2569	381
2569	382
2569	383
2569	384
2569	385
2569	386
2569	387
2569	388
2569	389
2569	390
2569	391
2569	392
2569	393
2569	394
2569	395
2569	396
2569	397
2569	398
2569	399
2570	400
2570	401
2570	402
2570	403
2570	404
2570	405
2570	406
2570	407
2570	408
2570	409
2570	410
2570	411
2570	412
2570	413
2570	414
2570	415
2570	416
2570	417
2570	418
2570	419
2570	420
2570	421
2570	422
2570	423
2570	424
2570	425
2570	426
2570	427
2570	428
2570	429
2570	430
2570	431
2570	432
2570	433
2570	434
2570	435
2570	436
2570	437
2570	438
2570	439
2571	440
2571	441
2571	442
2571	443
2571	444
2571	445
2571	446
2571	447
2571	448
2571	449
2571	450
2571	451
2571	452
2571	453
2571	454
2571	455
2571	456
2571	457
2571	458
2571	459
2571	460
2571	461
2571	462
2571	463
2571	464
2571	465
2571	466
2571	467
2571	468
2571	469
2571	470
2571	471
2571	472
2571	473
2571	474
2571	475
2571	476
2571	477
2571	478
2571	479
2572	480
2572	481
2572	482
2572	483
2572	484
2572	485
2572	486
2572	487
2572	488
2572	489
2572	490
2572	491
2572	492
2572	493
2572	494
2572	495
2572	496
2572	497
2572	498
2572	499
2572	500
2572	501
2572	502
2572	503
2572	504
2572	505
2572	506
2572	507
2572	508
2572	509
2572	510
2572	511
2572	512
2572	513
2572	514
2572	515
2572	516
2572	517
2572	518
2572	519
2573	520
2573	521
2573	522
2573	523
2573	524
2573	525
2573	526
2573	527
2573	528
2573	529
2573	530
2573	531
2573	532
2573	533
2573	534
2573	535
2573	536
2573	537
2573	538
2573	539
2573	540
2573	541
2573	542
2573	543
2573	544
2573	545
2573	546
2573	547
2573	548
2573	549
2573	550
2573	551
2573	552
2573	553
2573	554
2573	555
2573	556
2573	557
2573	558
2573	559
2574	560
2574	561
2574	562
2574	563
2574	564
2574	565
2574	566
2574	567
2574	568
2574	569
2574	570
2574	571
2574	572
2574	573
2574	574
2574	575
2574	576
2574	577
2574	578
2574	579
2574	580
2574	581
2574	582
2574	583
2574	584
2574	585
2574	586
2574	587
2574	588
2574	589
2574	590
2574	591
2574	592
2574	593
2574	594
2574	595
2574	596
2574	597
2574	598
2574	599
2575	600
2575	601
2575	602
2575	603
2575	604
2575	605
2575	606
2575	607
2575	608
2575	609
2575	610
2575	611
2575	612
2575	613
2575	614
2575	615
2575	616
2575	617
2575	618
2575	619
2575	620
2575	621
2575	622
2575	623
2575	624
2575	625
2575	626
2575	627
2575	628
2575	629
2575	630
2575	631
2575	632
2575	633
2575	634
2575	635
2575	636
2575	637
2575	638
2575	639
2576	640
2576	641
2576	642
2576	643
2576	644
2576	645
2576	646
2576	647
2576	648
2576	649
2576	650
2576	651
2576	652
2576	653
2576	654
2576	655
2576	656
2576	657
2576	658
2576	659
2576	660
2576	661
2576	662
2576	663
2576	664
2576	665
2576	666
2576	667
2576	668
2576	669
2576	670
2576	671
2576	672
2576	673
2576	674
2576	675
2576	676
2576	677
2576	678
2576	679
2577	680
2577	681
2577	682
2577	683
2577	684
2577	685
2577	686
2577	687
2577	688
2577	689
2577	690
2577	691
2577	692
2577	693
2577	694
2577	695
2577	696
2577	697
2577	698
2577	699
2577	700
2577	701
2577	702
2577	703
2577	704
2577	705
2577	706
2577	707
2577	708
2577	709
2577	710
2577	711
2577	712
2577	713
2577	714
2577	715
2577	716
2577	717
2577	718
2577	719
2578	720
2578	721
2578	722
2578	723
2578	724
2578	725
2578	726
2578	727
2578	728
2578	729
2578	730
2578	731
2578	732
2578	733
2578	734
2578	735
2578	736
2578	737
2578	738
2578	739
2578	740
2578	741
2578	742
2578	743
2578	744
2578	745
2578	746
2578	747
2578	748
2578	749
2578	750
2578	751
2578	752
2578	753
2578	754
2578	755
2578	756
2578	757
2578	758
2578	759
2579	760
2579	761
2579	762
2579	763
2579	764
2579	765
2579	766
2579	767
2579	768
2579	769
2579	770
2579	771
2579	772
2579	773
2579	774
2579	775
2579	776
2579	777
2579	778
2579	779
2579	780
2579	781
2579	782
2579	783
2579	784
2579	785
2579	786
2579	787
2579	788
2579	789
2579	790
2579	791
2579	792
2579	793
2579	794
2579	795
2579	796
2579	797
2579	798
2579	799
2580	800
2580	801
2580	802
2580	803
2580	804
2580	805
2580	806
2580	807
2580	808
2580	809
2580	810
2580	811
2580	812
2580	813
2580	814
2580	815
2580	816
2580	817
2580	818
2580	819
2580	820
2580	821
2580	822
2580	823
2580	824
2580	825
2580	826
2580	827
2580	828
2580	829
2580	830
2580	831
2580	832
2580	833
2580	834
2580	835
2580	836
2580	837
2580	838
2580	839
2581	840
2581	841
2581	842
2581	843
2581	844
2581	845
2581	846
2581	847
2581	848
2581	849
2581	850
2581	851
2581	852
2581	853
2581	854
2581	855
2581	856
2581	857
2581	858
2581	859
2581	860
2581	861
2581	862
2581	863
2581	864
2581	865
2581	866
2581	867
2581	868
2581	869
2581	870
2581	871
2581	872
2581	873
2581	874
2581	875
2581	876
2581	877
2581	878
2581	879
2582	880
2582	881
2582	882
2582	883
2582	884
2582	885
2582	886
2582	887
2582	888
2582	889
2582	890
2582	891
2582	892
2582	893
2582	894
2582	895
2582	896
2582	897
2582	898
2582	899
2582	900
2582	901
2582	902
2582	903
2582	904
2582	905
2582	906
2582	907
2582	908
2582	909
2582	910
2582	911
2582	912
2582	913
2582	914
2582	915
2582	916
2582	917
2582	918
2582	919
2583	920
2583	921
2583	922
2583	923
2583	924
2583	925
2583	926
2583	927
2583	928
2583	929
2583	930
2583	931
2583	932
2583	933
2583	934
2583	935
2583	936
2583	937
2583	938
2583	939
2583	940
2583	941
2583	942
2583	943
2583	944
2583	945
2583	946
2583	947
2583	948
2583	949
2583	950
2583	951
2583	952
2583	953
2583	954
2583	955
2583	956
2583	957
2583	958
2583	959
2584	960
2584	961
2584	962
2584	963
2584	964
2584	965
2584	966
2584	967
2584	968
2584	969
2584	970
2584	971
2584	972
2584	973
2584	974
2584	975
2584	976
2584	977
2584	978
2584	979
2584	980
2584	981
2584	982
2584	983
2584	984
2584	985
2584	986
2584	987
2584	988
2584	989
2584	990
2584	991
2584	992
2584	993
2584	994
2584	995
2584	996
2584	997
2584	998
2584	999
2585	1000
2585	1001
2585	1002
2585	1003
2585	1004
2585	1005
2585	1006
2585	1007
2585	1008
2585	1009
2585	1010
2585	1011
2585	1012
2585	1013
2585	1014
2585	1015
2585	1016
2585	1017
2585	1018
2585	1019
2585	1020
2585	1021
2585	1022
2585	1023
2585	1024
2585	1025
2585	1026
2585	1027
2585	1028
2585	1029
2585	1030
2585	1031
2585	1032
2585	1033
2585	1034
2585	1035
2585	1036
2585	1037
2585	1038
2585	1039
2586	1040
2586	1041
2586	1042
2586	1043
2586	1044
2586	1045
2586	1046
2586	1047
2586	1048
2586	1049
2586	1050
2586	1051
2586	1052
2586	1053
2586	1054
2586	1055
2586	1056
2586	1057
2586	1058
2586	1059
2586	1060
2586	1061
2586	1062
2586	1063
2586	1064
2586	1065
2586	1066
2586	1067
2586	1068
2586	1069
2586	1070
2586	1071
2586	1072
2586	1073
2586	1074
2586	1075
2586	1076
2586	1077
2586	1078
2586	1079
2587	1080
2587	1081
2587	1082
2587	1083
2587	1084
2587	1085
2587	1086
2587	1087
2587	1088
2587	1089
2587	1090
2587	1091
2587	1092
2587	1093
2587	1094
2587	1095
2587	1096
2587	1097
2587	1098
2587	1099
2587	1100
2587	1101
2587	1102
2587	1103
2587	1104
2587	1105
2587	1106
2587	1107
2587	1108
2587	1109
2587	1110
2587	1111
2587	1112
2587	1113
2587	1114
2587	1115
2587	1116
2587	1117
2587	1118
2587	1119
2588	1120
2588	1121
2588	1122
2588	1123
2588	1124
2588	1125
2588	1126
2588	1127
2588	1128
2588	1129
2588	1130
2588	1131
2588	1132
2588	1133
2588	1134
2588	1135
2588	1136
2588	1137
2588	1138
2588	1139
2588	1140
2588	1141
2588	1142
2588	1143
2588	1144
2588	1145
2588	1146
2588	1147
2588	1148
2588	1149
2588	1150
2588	1151
2588	1152
2588	1153
2588	1154
2588	1155
2588	1156
2588	1157
2588	1158
2588	1159
2589	1160
2589	1161
2589	1162
2589	1163
2589	1164
2589	1165
2589	1166
2589	1167
2589	1168
2589	1169
2589	1170
2589	1171
2589	1172
2589	1173
2589	1174
2589	1175
2589	1176
2589	1177
2589	1178
2589	1179
2589	1180
2589	1181
2589	1182
2589	1183
2589	1184
2589	1185
2589	1186
2589	1187
2589	1188
2589	1189
2589	1190
2589	1191
2589	1192
2589	1193
2589	1194
2589	1195
2589	1196
2589	1197
2589	1198
2589	1199
2590	1200
2590	1201
2590	1202
2590	1203
2590	1204
2590	1205
2590	1206
2590	1207
2590	1208
2590	1209
2590	1210
2590	1211
2590	1212
2590	1213
2590	1214
2590	1215
2590	1216
2590	1217
2590	1218
2590	1219
2590	1220
2590	1221
2590	1222
2590	1223
2590	1224
2590	1225
2590	1226
2590	1227
2590	1228
2590	1229
2590	1230
2590	1231
2590	1232
2590	1233
2590	1234
2590	1235
2590	1236
2590	1237
2590	1238
2590	1239
2591	1240
2591	1241
2591	1242
2591	1243
2591	1244
2591	1245
2591	1246
2591	1247
2591	1248
2591	1249
2591	1250
2591	1251
2591	1252
2591	1253
2591	1254
2591	1255
2591	1256
2591	1257
2591	1258
2591	1259
2591	1260
2591	1261
2591	1262
2591	1263
2591	1264
2591	1265
2591	1266
2591	1267
2591	1268
2591	1269
2591	1270
2591	1271
2591	1272
2591	1273
2591	1274
2591	1275
2591	1276
2591	1277
2591	1278
2591	1279
2592	1280
2592	1281
2592	1282
2592	1283
2592	1284
2592	1285
2592	1286
2592	1287
2592	1288
2592	1289
2592	1290
2592	1291
2592	1292
2592	1293
2592	1294
2592	1295
2592	1296
2592	1297
2592	1298
2592	1299
2592	1300
2592	1301
2592	1302
2592	1303
2592	1304
2592	1305
2592	1306
2592	1307
2592	1308
2592	1309
2592	1310
2592	1311
2592	1312
2592	1313
2592	1314
2592	1315
2592	1316
2592	1317
2592	1318
2592	1319
2593	1320
2593	1321
2593	1322
2593	1323
2593	1324
2593	1325
2593	1326
2593	1327
2593	1328
2593	1329
2593	1330
2593	1331
2593	1332
2593	1333
2593	1334
2593	1335
2593	1336
2593	1337
2593	1338
2593	1339
2593	1340
2593	1341
2593	1342
2593	1343
2593	1344
2593	1345
2593	1346
2593	1347
2593	1348
2593	1349
2593	1350
2593	1351
2593	1352
2593	1353
2593	1354
2593	1355
2593	1356
2593	1357
2593	1358
2593	1359
2594	1360
2594	1361
2594	1362
2594	1363
2594	1364
2594	1365
2594	1366
2594	1367
2594	1368
2594	1369
2594	1370
2594	1371
2594	1372
2594	1373
2594	1374
2594	1375
2594	1376
2594	1377
2594	1378
2594	1379
2594	1380
2594	1381
2594	1382
2594	1383
2594	1384
2594	1385
2594	1386
2594	1387
2594	1388
2594	1389
2594	1390
2594	1391
2594	1392
2594	1393
2594	1394
2594	1395
2594	1396
2594	1397
2594	1398
2594	1399
2595	1400
2595	1401
2595	1402
2595	1403
2595	1404
2595	1405
2595	1406
2595	1407
2595	1408
2595	1409
2595	1410
2595	1411
2595	1412
2595	1413
2595	1414
2595	1415
2595	1416
2595	1417
2595	1418
2595	1419
2595	1420
2595	1421
2595	1422
2595	1423
2595	1424
2595	1425
2595	1426
2595	1427
2595	1428
2595	1429
2595	1430
2595	1431
2595	1432
2595	1433
2595	1434
2595	1435
2595	1436
2595	1437
2595	1438
2595	1439
2596	1440
2596	1441
2596	1442
2596	1443
2596	1444
2596	1445
2596	1446
2596	1447
2596	1448
2596	1449
2596	1450
2596	1451
2596	1452
2596	1453
2596	1454
2596	1455
2596	1456
2596	1457
2596	1458
2596	1459
2596	1460
2596	1461
2596	1462
2596	1463
2596	1464
2596	1465
2596	1466
2596	1467
2596	1468
2596	1469
2596	1470
2596	1471
2596	1472
2596	1473
2596	1474
2596	1475
2596	1476
2596	1477
2596	1478
2596	1479
2597	1480
2597	1481
2597	1482
2597	1483
2597	1484
2597	1485
2597	1486
2597	1487
2597	1488
2597	1489
2597	1490
2597	1491
2597	1492
2597	1493
2597	1494
2597	1495
2597	1496
2597	1497
2597	1498
2597	1499
2597	1500
2597	1501
2597	1502
2597	1503
2597	1504
2597	1505
2597	1506
2597	1507
2597	1508
2597	1509
2597	1510
2597	1511
2597	1512
2597	1513
2597	1514
2597	1515
2597	1516
2597	1517
2597	1518
2597	1519
2598	1520
2598	1521
2598	1522
2598	1523
2598	1524
2598	1525
2598	1526
2598	1527
2598	1528
2598	1529
2598	1530
2598	1531
2598	1532
2598	1533
2598	1534
2598	1535
2598	1536
2598	1537
2598	1538
2598	1539
2598	1540
2598	1541
2598	1542
2598	1543
2598	1544
2598	1545
2598	1546
2598	1547
2598	1548
2598	1549
2598	1550
2598	1551
2598	1552
2598	1553
2598	1554
2598	1555
2598	1556
2598	1557
2598	1558
2598	1559
2599	1560
2599	1561
2599	1562
2599	1563
2599	1564
2599	1565
2599	1566
2599	1567
2599	1568
2599	1569
2599	1570
2599	1571
2599	1572
2599	1573
2599	1574
2599	1575
2599	1576
2599	1577
2599	1578
2599	1579
2599	1580
2599	1581
2599	1582
2599	1583
2599	1584
2599	1585
2599	1586
2599	1587
2599	1588
2599	1589
2599	1590
2599	1591
2599	1592
2599	1593
2599	1594
2599	1595
2599	1596
2599	1597
2599	1598
2599	1599
2600	1600
2600	1601
2600	1602
2600	1603
2600	1604
2600	1605
2600	1606
2600	1607
2600	1608
2600	1609
2600	1610
2600	1611
2600	1612
2600	1613
2600	1614
2600	1615
2600	1616
2600	1617
2600	1618
2600	1619
2600	1620
2600	1621
2600	1622
2600	1623
2600	1624
2600	1625
2600	1626
2600	1627
2600	1628
2600	1629
2600	1630
2600	1631
2600	1632
2600	1633
2600	1634
2600	1635
2600	1636
2600	1637
2600	1638
2600	1639
2601	1640
2601	1641
2601	1642
2601	1643
2601	1644
2601	1645
2601	1646
2601	1647
2601	1648
2601	1649
2601	1650
2601	1651
2601	1652
2601	1653
2601	1654
2601	1655
2601	1656
2601	1657
2601	1658
2601	1659
2601	1660
2601	1661
2601	1662
2601	1663
2601	1664
2601	1665
2601	1666
2601	1667
2601	1668
2601	1669
2601	1670
2601	1671
2601	1672
2601	1673
2601	1674
2601	1675
2601	1676
2601	1677
2601	1678
2601	1679
2602	1680
2602	1681
2602	1682
2602	1683
2602	1684
2602	1685
2602	1686
2602	1687
2602	1688
2602	1689
2602	1690
2602	1691
2602	1692
2602	1693
2602	1694
2602	1695
2602	1696
2602	1697
2602	1698
2602	1699
2602	1700
2602	1701
2602	1702
2602	1703
2602	1704
2602	1705
2602	1706
2602	1707
2602	1708
2602	1709
2602	1710
2602	1711
2602	1712
2602	1713
2602	1714
2602	1715
2602	1716
2602	1717
2602	1718
2602	1719
2603	1720
2603	1721
2603	1722
2603	1723
2603	1724
2603	1725
2603	1726
2603	1727
2603	1728
2603	1729
2603	1730
2603	1731
2603	1732
2603	1733
2603	1734
2603	1735
2603	1736
2603	1737
2603	1738
2603	1739
2603	1740
2603	1741
2603	1742
2603	1743
2603	1744
2603	1745
2603	1746
2603	1747
2603	1748
2603	1749
2603	1750
2603	1751
2603	1752
2603	1753
2603	1754
2603	1755
2603	1756
2603	1757
2603	1758
2603	1759
2604	1760
2604	1761
2604	1762
2604	1763
2604	1764
2604	1765
2604	1766
2604	1767
2604	1768
2604	1769
2604	1770
2604	1771
2604	1772
2604	1773
2604	1774
2604	1775
2604	1776
2604	1777
2604	1778
2604	1779
2604	1780
2604	1781
2604	1782
2604	1783
2604	1784
2604	1785
2604	1786
2604	1787
2604	1788
2604	1789
2604	1790
2604	1791
2604	1792
2604	1793
2604	1794
2604	1795
2604	1796
2604	1797
2604	1798
2604	1799
2605	1800
2605	1801
2605	1802
2605	1803
2605	1804
2605	1805
2605	1806
2605	1807
2605	1808
2605	1809
2605	1810
2605	1811
2605	1812
2605	1813
2605	1814
2605	1815
2605	1816
2605	1817
2605	1818
2605	1819
2605	1820
2605	1821
2605	1822
2605	1823
2605	1824
2605	1825
2605	1826
2605	1827
2605	1828
2605	1829
2605	1830
2605	1831
2605	1832
2605	1833
2605	1834
2605	1835
2605	1836
2605	1837
2605	1838
2605	1839
2606	1840
2606	1841
2606	1842
2606	1843
2606	1844
2606	1845
2606	1846
2606	1847
2606	1848
2606	1849
2606	1850
2606	1851
2606	1852
2606	1853
2606	1854
2606	1855
2606	1856
2606	1857
2606	1858
2606	1859
2606	1860
2606	1861
2606	1862
2606	1863
2606	1864
2606	1865
2606	1866
2606	1867
2606	1868
2606	1869
2606	1870
2606	1871
2606	1872
2606	1873
2606	1874
2606	1875
2606	1876
2606	1877
2606	1878
2606	1879
2607	1880
2607	1881
2607	1882
2607	1883
2607	1884
2607	1885
2607	1886
2607	1887
2607	1888
2607	1889
2607	1890
2607	1891
2607	1892
2607	1893
2607	1894
2607	1895
2607	1896
2607	1897
2607	1898
2607	1899
2607	1900
2607	1901
2607	1902
2607	1903
2607	1904
2607	1905
2607	1906
2607	1907
2607	1908
2607	1909
2607	1910
2607	1911
2607	1912
2607	1913
2607	1914
2607	1915
2607	1916
2607	1917
2607	1918
2607	1919
2608	1920
2608	1921
2608	1922
2608	1923
2608	1924
2608	1925
2608	1926
2608	1927
2608	1928
2608	1929
2608	1930
2608	1931
2608	1932
2608	1933
2608	1934
2608	1935
2608	1936
2608	1937
2608	1938
2608	1939
2608	1940
2608	1941
2608	1942
2608	1943
2608	1944
2608	1945
2608	1946
2608	1947
2608	1948
2608	1949
2608	1950
2608	1951
2608	1952
2608	1953
2608	1954
2608	1955
2608	1956
2608	1957
2608	1958
2608	1959
2609	1960
2609	1961
2609	1962
2609	1963
2609	1964
2609	1965
2609	1966
2609	1967
2609	1968
2609	1969
2609	1970
2609	1971
2609	1972
2609	1973
2609	1974
2609	1975
2609	1976
2609	1977
2609	1978
2609	1979
2609	1980
2609	1981
2609	1982
2609	1983
2609	1984
2609	1985
2609	1986
2609	1987
2609	1988
2609	1989
2609	1990
2609	1991
2609	1992
2609	1993
2609	1994
2609	1995
2609	1996
2609	1997
2609	1998
2609	1999
2610	2000
2610	2001
2610	2002
2610	2003
2610	2004
2610	2005
2610	2006
2610	2007
2610	2008
2610	2009
2610	2010
2610	2011
2610	2012
2610	2013
2610	2014
2610	2015
2610	2016
2610	2017
2610	2018
2610	2019
2610	2020
2610	2021
2610	2022
2610	2023
2610	2024
2610	2025
2610	2026
2610	2027
2610	2028
2610	2029
2610	2030
2610	2031
2610	2032
2610	2033
2610	2034
2610	2035
2610	2036
2610	2037
2610	2038
2610	2039
2611	2040
2611	2041
2611	2042
2611	2043
2611	2044
2611	2045
2611	2046
2611	2047
2611	2048
2611	2049
2611	2050
2611	2051
2611	2052
2611	2053
2611	2054
2611	2055
2611	2056
2611	2057
2611	2058
2611	2059
2611	2060
2611	2061
2611	2062
2611	2063
2611	2064
2611	2065
2611	2066
2611	2067
2611	2068
2611	2069
2611	2070
2611	2071
2611	2072
2611	2073
2611	2074
2611	2075
2611	2076
2611	2077
2611	2078
2611	2079
2612	2080
2612	2081
2612	2082
2612	2083
2612	2084
2612	2085
2612	2086
2612	2087
2612	2088
2612	2089
2612	2090
2612	2091
2612	2092
2612	2093
2612	2094
2612	2095
2612	2096
2612	2097
2612	2098
2612	2099
2612	2100
2612	2101
2612	2102
2612	2103
2612	2104
2612	2105
2612	2106
2612	2107
2612	2108
2612	2109
2612	2110
2612	2111
2612	2112
2612	2113
2612	2114
2612	2115
2612	2116
2612	2117
2612	2118
2612	2119
2613	2120
2613	2121
2613	2122
2613	2123
2613	2124
2613	2125
2613	2126
2613	2127
2613	2128
2613	2129
2613	2130
2613	2131
2613	2132
2613	2133
2613	2134
2613	2135
2613	2136
2613	2137
2613	2138
2613	2139
2613	2140
2613	2141
2613	2142
2613	2143
2613	2144
2613	2145
2613	2146
2613	2147
2613	2148
2613	2149
2613	2150
2613	2151
2613	2152
2613	2153
2613	2154
2613	2155
2613	2156
2613	2157
2613	2158
2613	2159
2614	2160
2614	2161
2614	2162
2614	2163
2614	2164
2614	2165
2614	2166
2614	2167
2614	2168
2614	2169
2614	2170
2614	2171
2614	2172
2614	2173
2614	2174
2614	2175
2614	2176
2614	2177
2614	2178
2614	2179
2614	2180
2614	2181
2614	2182
2614	2183
2614	2184
2614	2185
2614	2186
2614	2187
2614	2188
2614	2189
2614	2190
2614	2191
2614	2192
2614	2193
2614	2194
2614	2195
2614	2196
2614	2197
2614	2198
2614	2199
2615	2200
2615	2201
2615	2202
2615	2203
2615	2204
2615	2205
2615	2206
2615	2207
2615	2208
2615	2209
2615	2210
2615	2211
2615	2212
2615	2213
2615	2214
2615	2215
2615	2216
2615	2217
2615	2218
2615	2219
2615	2220
2615	2221
2615	2222
2615	2223
2615	2224
2615	2225
2615	2226
2615	2227
2615	2228
2615	2229
2615	2230
2615	2231
2615	2232
2615	2233
2615	2234
2615	2235
2615	2236
2615	2237
2615	2238
2615	2239
2616	2240
2616	2241
2616	2242
2616	2243
2616	2244
2616	2245
2616	2246
2616	2247
2616	2248
2616	2249
2616	2250
2616	2251
2616	2252
2616	2253
2616	2254
2616	2255
2616	2256
2616	2257
2616	2258
2616	2259
2616	2260
2616	2261
2616	2262
2616	2263
2616	2264
2616	2265
2616	2266
2616	2267
2616	2268
2616	2269
2616	2270
2616	2271
2616	2272
2616	2273
2616	2274
2616	2275
2616	2276
2616	2277
2616	2278
2616	2279
2617	2280
2617	2281
2617	2282
2617	2283
2617	2284
2617	2285
2617	2286
2617	2287
2617	2288
2617	2289
2617	2290
2617	2291
2617	2292
2617	2293
2617	2294
2617	2295
2617	2296
2617	2297
2617	2298
2617	2299
2617	2300
2617	2301
2617	2302
2617	2303
2617	2304
2617	2305
2617	2306
2617	2307
2617	2308
2617	2309
2617	2310
2617	2311
2617	2312
2617	2313
2617	2314
2617	2315
2617	2316
2617	2317
2617	2318
2617	2319
2618	2320
2618	2321
2618	2322
2618	2323
2618	2324
2618	2325
2618	2326
2618	2327
2618	2328
2618	2329
2618	2330
2618	2331
2618	2332
2618	2333
2618	2334
2618	2335
2618	2336
2618	2337
2618	2338
2618	2339
2618	2340
2618	2341
2618	2342
2618	2343
2618	2344
2618	2345
2618	2346
2618	2347
2618	2348
2618	2349
2618	2350
2618	2351
2618	2352
2618	2353
2618	2354
2618	2355
2618	2356
2618	2357
2618	2358
2618	2359
2619	2360
2619	2361
2619	2362
2619	2363
2619	2364
2619	2365
2619	2366
2619	2367
2619	2368
2619	2369
2619	2370
2619	2371
2619	2372
2619	2373
2619	2374
2619	2375
2619	2376
2619	2377
2619	2378
2619	2379
2619	2380
2619	2381
2619	2382
2619	2383
2619	2384
2619	2385
2619	2386
2619	2387
2619	2388
2619	2389
2619	2390
2619	2391
2619	2392
2619	2393
2619	2394
2619	2395
2619	2396
2619	2397
2619	2398
2619	2399
2620	2400
2620	2401
2620	2402
2620	2403
2620	2404
2620	2405
2620	2406
2620	2407
2620	2408
2620	2409
2620	2410
2620	2411
2620	2412
2620	2413
2620	2414
2620	2415
2620	2416
2620	2417
2620	2418
2620	2419
2620	2420
2620	2421
2620	2422
2620	2423
2620	2424
2620	2425
2620	2426
2620	2427
2620	2428
2620	2429
2620	2430
2620	2431
2620	2432
2620	2433
2620	2434
2620	2435
2620	2436
2620	2437
2620	2438
2620	2439
2621	2440
2621	2441
2621	2442
2621	2443
2621	2444
2621	2445
2621	2446
2621	2447
2621	2448
2621	2449
2621	2450
2621	2451
2621	2452
2621	2453
2621	2454
2621	2455
2621	2456
2621	2457
2621	2458
2621	2459
2621	2460
2621	2461
2621	2462
2621	2463
2621	2464
2621	2465
2621	2466
2621	2467
2621	2468
2621	2469
2621	2470
2621	2471
2621	2472
2621	2473
2621	2474
2621	2475
2621	2476
2621	2477
2621	2478
2621	2479
2622	2480
2622	2481
2622	2482
2622	2483
2622	2484
2622	2485
2622	2486
2622	2487
2622	2488
2622	2489
2622	2490
2622	2491
2622	2492
2622	2493
2622	2494
2622	2495
2622	2496
2622	2497
2622	2498
2622	2499
2622	2500
2622	2501
2622	2502
2622	2503
2622	2504
2622	2505
2622	2506
2622	2507
2622	2508
2622	2509
2622	2510
2622	2511
2622	2512
2622	2513
2622	2514
2622	2515
2622	2516
2622	2517
2622	2518
2622	2519
2623	2520
2623	2521
2623	2522
2623	2523
2623	2524
2623	2525
2623	2526
2623	2527
2623	2528
2623	2529
2623	2530
2623	2531
2623	2532
2623	2533
2623	2534
2623	2535
2623	2536
2623	2537
2623	2538
2623	2539
2623	2540
2623	2541
2623	2542
2623	2543
2623	2544
2623	2545
2623	2546
2623	2547
2623	2548
2623	2549
2623	2550
2623	2551
2623	2552
2623	2553
2623	2554
2623	2555
2623	2556
2623	2557
2623	2558
2623	2559
2624	2560
2624	2561
2624	2562
2624	2563
2625	2564
2625	2565
2625	2566
2625	2567
2626	2568
2626	2569
2626	2570
2626	2571
2627	2572
2627	2573
2627	2574
2627	2575
2628	2576
2628	2577
2628	2578
2628	2579
2629	2580
2629	2581
2629	2582
2629	2583
2630	2584
2630	2585
2630	2586
2630	2587
2631	2588
2631	2589
2631	2590
2631	2591
2632	2592
2632	2593
2632	2594
2632	2595
2633	2596
2633	2597
2633	2598
2633	2599
2634	2600
2634	2601
2634	2602
2634	2603
2635	2604
2635	2605
2635	2606
2635	2607
2636	2608
2636	2609
2636	2610
2636	2611
2637	2612
2637	2613
2637	2614
2637	2615
2638	2616
2638	2617
2638	2618
2638	2619
2639	2620
2639	2621
2639	2622
2639	2623
2640	2624
2640	2625
2640	2626
2640	2627
2641	2628
2641	2629
2641	2630
2641	2631
2642	2632
2642	2633
2642	2634
2642	2635
2643	2636
2643	2637
2643	2638
2643	2639
2644	2640
2644	2641
2644	2642
2644	2643
