-1.528995	1.532127	-0.752116	0.031210	0.141404	0.482736	-0.627732	1.066137	-1.281157	0.582132
-1.095492	1.349492	-0.680140	0.225064	0.053052	0.459022	-0.327880	0.924127	-1.694671	0.560844
-1.635183	1.452652	-0.719275	0.319624	-0.062500	0.365505	-0.217519	0.710036	-1.324004	0.478107
-1.034869	1.366546	-0.366632	-0.274967	-0.618550	0.020068	-0.447024	1.231225	-0.754609	0.676095
-0.618083	0.533352	-1.233311	1.296786	0.105272	0.305708	0.925459	-0.382160	-0.201411	2.221475
-0.637957	0.651717	-1.445978	1.487493	-0.054235	0.623858	0.645065	-0.275689	-0.328335	2.111419
-0.731081	0.524212	-0.498830	0.158073	-0.201181	-0.040083	-0.083660	0.649904	0.099521	1.938088
-0.564447	0.829183	-1.125660	0.933205	-0.192879	-0.066612	0.650740	-0.460245	-0.676189	1.911979
-0.472694	1.026828	-1.220405	0.683598	-0.079092	0.383942	0.206001	0.326280	-0.871205	1.611192
-1.144721	0.927675	-0.764602	-0.079419	-0.068304	-0.498690	-0.136275	0.670732	-0.696859	0.997467
-0.707042	1.359951	-0.551150	0.322195	0.015507	0.024305	-0.022750	0.532629	-0.646750	1.381772
-1.183825	1.321739	-1.136047	0.598844	-0.193415	0.470419	0.361116	0.864813	-0.836539	1.334446
-0.648878	0.643084	-0.673887	-0.685141	-0.465432	-0.201338	-0.482553	0.969180	0.334290	1.115163
-0.773704	0.710349	-0.317456	-0.619638	-0.205607	-0.137802	0.200009	0.895335	0.047720	0.444386
-0.925797	0.510684	-0.634103	-1.067707	-0.160569	-0.819473	0.133751	0.693755	0.524872	0.286031
-0.193163	0.290794	-0.224897	-0.385350	-0.169444	-0.458063	-0.588374	0.421266	0.587784	1.365160
0.541496	-1.345389	-0.354554	-0.176495	1.068650	0.092380	-0.818308	-0.264085	0.888901	0.946238
0.262459	-2.001577	-0.501070	0.011934	0.724956	-0.021763	-0.740120	-0.796220	0.680720	1.107126
0.073721	-2.102278	-0.806857	-0.166484	0.811565	-0.353498	-0.488019	-0.411023	0.678594	0.830604
-0.095123	-1.652332	-0.184626	0.203219	0.373791	-0.455473	-0.371494	-0.071948	0.700804	0.649527
0.890000	-0.595447	-0.451986	0.568987	-1.854860	-0.338223	-0.917849	0.738208	0.947247	0.775675
0.845601	-0.419716	-0.206993	0.805832	-1.903872	-0.430832	-0.814322	0.813821	1.181601	0.501895
0.542943	-0.319874	-0.036946	0.467393	-0.959574	-0.432141	-0.472226	0.548929	0.684577	0.440165
1.080117	-0.062788	-0.190647	0.618177	-1.696253	-0.285750	-0.867524	0.321939	1.070126	0.726792
0.611331	0.575308	0.674366	-0.331200	0.781185	0.304746	-1.227061	0.128425	1.088464	1.152683
0.469690	0.803589	0.811167	-0.009759	1.150777	-0.134930	-1.024507	-0.432093	1.429074	0.421038
0.132181	-0.008418	0.818910	-0.102897	1.422366	0.243875	-1.094946	-0.633037	1.235213	1.069368
0.587039	0.786329	0.608623	-0.076317	1.311271	0.995999	-0.796332	-0.435980	1.620072	0.698712
0.994059	0.188622	0.802603	0.097897	-1.210975	0.848278	-0.461752	0.313995	1.190180	0.887311
1.075920	0.334076	0.886177	-0.117781	-1.455058	0.281745	0.792348	0.003448	0.862157	0.338183
0.807185	0.248810	1.134680	-0.421099	-1.575065	0.143836	0.260942	-0.477365	0.849516	-0.201086
1.127508	0.034970	0.549842	0.089437	-1.505273	0.266478	-0.139519	0.009333	1.034245	0.376876
0.140914	-0.994410	0.357629	1.723219	0.386451	-0.257434	-0.266784	1.110517	0.263369	-0.237883
0.381992	-0.607613	-0.038335	1.668190	-0.338874	0.080022	-0.416442	1.237290	0.935140	-0.643069
0.174860	-0.782085	0.102669	1.913929	0.082494	-0.358713	-0.190629	1.503664	0.205764	-0.859403
0.073701	-0.801487	0.048681	1.363917	0.502643	-0.252553	-0.565886	1.400817	0.245076	-0.751618
-0.584852	-0.724994	1.640988	1.073546	0.022214	-0.167638	0.920973	0.642736	-0.786850	-0.550494
-0.669474	-1.350549	1.175657	1.227937	-0.369315	-0.353936	0.119735	0.903777	-0.892644	-0.623707
-0.169842	-0.306931	1.500969	0.777700	-0.602483	-0.153998	1.128366	0.348266	-0.998723	-0.643493
-0.624122	-0.733822	1.821065	1.042872	-0.092376	-0.222349	0.862181	0.752280	-0.856990	-0.667009
-0.695992	-1.711060	0.374635	1.322403	0.659741	-0.376630	0.193453	1.112198	-0.101499	-0.599053
-0.548231	-1.970520	0.071252	1.700742	0.190115	-0.411352	-0.180097	0.971519	0.208985	-0.441627
-0.356283	-2.103366	0.171176	1.106891	0.531005	-0.437630	-0.035887	0.078551	-0.145851	-0.418499
-0.677445	-1.809147	-0.019330	1.128556	0.307425	-0.695917	0.246570	0.788764	0.186900	-0.318255
1.398140	-1.906441	-0.221842	0.922293	1.595860	-0.351942	0.073890	0.448363	-0.594477	-0.343229
2.190126	-1.790910	-0.048305	1.267215	1.299162	0.465838	-0.250550	-0.085820	-0.829831	-0.163532
2.236380	-1.718386	-0.041693	1.380225	1.271779	0.270946	-0.240935	0.011506	-0.878540	-0.154082
2.194965	-1.746597	0.041098	1.255559	1.247411	0.187569	-0.107702	0.009807	-0.825427	-0.379970
-0.429556	0.806393	-0.678353	-0.201403	0.314853	0.842495	-0.396217	-0.489500	1.869519	-1.377108
-0.759059	0.574367	-0.841069	-0.887274	0.161814	1.090652	0.437171	-0.436879	1.520976	-1.194699
-0.155071	0.826496	-0.877649	-0.589587	0.083043	1.274853	-0.536893	-0.257326	2.201305	-1.130992
-0.003381	0.780983	-0.540108	-0.012275	0.715544	1.508353	-0.936266	-0.352626	1.985452	-0.783783
0.452557	0.361152	0.706613	0.234307	-0.845086	-1.074033	-0.325854	-0.313628	0.132771	-0.852243
0.211737	0.552286	1.252694	0.139374	-0.689675	-0.862952	0.650054	-0.463494	-0.045124	-0.742503
0.541590	0.440506	1.203973	-0.073682	-0.824311	-1.309454	0.195476	-0.545891	-0.021317	-0.872955
0.426290	0.629226	1.085681	0.261375	-0.536550	-1.222156	-0.240858	-0.798687	0.124579	-1.087344
-0.126433	0.685585	0.720855	-0.214883	0.072347	-0.268127	-0.939611	-0.880438	0.715808	-1.150815
-0.137660	0.932119	0.899064	-0.274442	-0.073838	-0.887305	-0.322546	-0.901751	0.893277	-1.280297
0.466291	0.711530	0.670249	0.012857	-0.759129	-0.612484	0.430479	-0.730572	0.350802	-1.073983
-0.132461	0.663780	0.521390	-0.346182	-0.277179	-1.140315	-0.154817	-0.379597	0.861047	-0.955879
0.732572	0.737829	0.407906	-0.638057	-0.765817	-0.394926	1.693743	0.276610	0.605293	-0.696604
0.381228	1.105746	0.365456	-0.459393	-0.484328	-0.891838	1.423287	-0.181339	0.399417	-0.605274
-0.484277	0.888448	-0.098859	-0.364354	-0.246257	-0.505488	0.938184	0.354155	0.775855	-0.358990
0.067699	0.957672	0.415263	-0.630214	-0.449777	-0.524854	2.013765	0.032299	0.727022	-0.554534
