-20.8720645905	-10.9768400192	5.78369426727	27.6403656006	11.9657449722	6.98321008682	-13.6262140274	-12.8780889511	-17.4555492401	19.9082565308	27.9367485046	-6.64608192444	-7.63454723358	-15.9539518356	-12.0126943588	6.15187072754	4.21652746201	27.8033370972	25.1341552734	-24.0983352661	-4.66164112091	-22.3400039673	16.5219764709	-5.74701404572	-8.06032657623	-24.5363960266	6.80538797379	17.0789546967	-18.5171356201	-5.69241952896	7.53727769852	-31.9568653107
-21.2473907471	-11.215139389	5.65748596191	27.1802902222	12.1392869949	6.8959479332	-12.9245910645	-12.9776706696	-17.4904403687	19.366191864	27.5305995941	-6.91550683975	-7.58852863312	-16.0161056519	-12.2274045944	6.02021932602	3.85277795792	28.3111591339	25.2115573883	-23.9544067383	-4.63299703598	-22.7383270264	17.0328044891	-6.01057720184	-8.23784351349	-24.7036132812	7.42091083527	16.8407154083	-18.6639728546	-5.88082265854	7.42870044708	-32.4246139526
-21.129070282	-11.3044939041	5.10976314545	27.7664165497	11.5288581848	7.30802345276	-13.483423233	-12.8058719635	-17.7527103424	19.5524253845	27.5341110229	-6.50296497345	-7.46852684021	-15.8377857208	-11.8706893921	6.06486129761	4.38991069794	27.9636917114	25.5624370575	-23.8222293854	-4.83738994598	-22.1803722382	16.3687114716	-5.7805981636	-8.49296951294	-24.5426864624	7.01375818253	17.0329055786	-18.2858066559	-5.80072975159	7.18180656433	-32.5963630676
-21.0431213379	-10.9484977722	4.96897745132	27.7567882538	12.0797691345	7.18400001526	-12.9440946579	-13.1106510162	-17.3096542358	19.2972183228	27.8431110382	-6.77519083023	-7.61104249954	-16.3341026306	-12.0941362381	5.55101633072	4.04831504822	28.1806373596	25.1778354645	-23.9385852814	-5.10538339615	-22.3571987152	16.6780910492	-5.52997970581	-8.17860221863	-25.0260848999	6.9860830307	17.1255931854	-18.2724933624	-6.46946954727	7.46454715729	-32.6271209717
-22.2956180573	-8.52728843689	6.1216211319	31.2318000793	11.1592998505	13.7661800385	-4.50164890289	-17.1270542145	-27.1994857788	18.4117336273	19.4113368988	-11.4125728607	-13.2184724808	-20.1713447571	-18.7424507141	-2.71909880638	0.181639224291	24.0152683258	32.6920471191	-19.5206947327	-2.57562732697	-17.1904830933	16.410900116	2.43825387955	-2.92830324173	-31.3135490417	6.2579202652	15.4629306793	-29.7954959869	3.26883816719	15.7180528641	-29.6432170868
-22.0684814453	-7.82672595978	6.2086482048	31.2797641754	11.200428009	13.0727386475	-4.39152956009	-16.3735256195	-27.5508136749	19.3334293365	19.3671875	-11.5554800034	-13.3681001663	-20.6273345947	-18.6153717041	-1.95860350132	0.158307999372	23.7933540344	32.8682365417	-18.8943843842	-2.32352232933	-17.056646347	16.2861747742	2.5649228096	-2.65571165085	-31.270067215	5.88341617584	15.0088100433	-29.2517986298	3.76414680481	15.1315031052	-29.5688247681
-22.3343925476	-8.13071155548	6.90026473999	29.9344100952	11.2762422562	13.5570268631	-3.6371216774	-16.436460495	-27.875711441	19.4159374237	18.8663597107	-11.3197898865	-12.6054830551	-19.9224700928	-19.215051651	-2.43953609467	1.04943943024	23.9040794373	32.272731781	-18.8422260284	-2.2598528862	-17.3084201813	16.5617446899	3.15021300316	-2.89934659004	-31.2424983978	6.90810441971	15.3012504578	-29.9348487854	4.2356672287	15.1368427277	-28.9615821838
-22.3305931091	-8.08713912964	6.96478891373	30.5988483429	11.4528770447	13.9760513306	-3.97683906555	-15.9586772919	-27.8918399811	19.4303474426	18.6642227173	-12.1761541367	-12.92192173	-21.152381897	-19.2269229889	-2.83528637886	-0.0257602334023	23.8348617554	32.9305458069	-19.144361496	-2.14967060089	-17.6093235016	15.6954593658	3.02775621414	-2.94768619537	-30.9989051819	5.92547225952	14.9231786728	-29.8925266266	3.67050719261	15.0138969421	-28.9445781708
-14.5348777771	-2.87412619591	-2.89226460457	23.8750362396	20.4312591553	13.4045743942	1.95462203026	-14.2980213165	-20.4288444519	25.0092735291	18.4929561615	-2.27726435661	-8.51497936249	-28.6436405182	-23.9188289642	-10.6764001846	2.94575977325	24.7487373352	30.2508907318	-22.7973690033	1.53725194931	-24.1218090057	22.2728500366	5.04023981094	-5.62881994247	-30.0111789703	4.02491521835	8.96999740601	-27.7603969574	0.346830248833	13.0297813416	-26.7324047089
-14.5403585434	-3.19791722298	-3.24730277061	24.33644104	20.9530773163	13.6660728455	1.73270344734	-14.4020261765	-20.4731636047	24.4396972656	18.9677677155	-2.18131089211	-8.05380916595	-28.3809394836	-24.0799427032	-10.6483354568	2.62568736076	24.9158573151	30.1870422363	-22.5403327942	1.758887887	-23.5755348206	22.11561203	4.66604137421	-4.99347257614	-29.8489990234	3.72715234756	9.49203777313	-28.028383255	0.451499372721	13.2053070068	-26.8385105133
-14.4497613907	-3.03608131409	-2.95279836655	23.8507709503	21.026845932	13.6326408386	1.7079461813	-14.6272029877	-20.4495773315	24.9547252655	18.4121894836	-1.62366914749	-8.74152183533	-28.4462413788	-23.6431102753	-10.4193525314	2.80576086044	24.3271045685	29.873544693	-23.156332016	1.83392083645	-23.6241359711	22.0899448395	4.93012905121	-5.69326877594	-29.7336997986	3.88001704216	9.12328243256	-27.866979599	0.342380940914	12.9672393799	-26.2611045837
-15.0764160156	-3.25742602348	-2.73121404648	24.1946239471	20.7116374969	13.545255661	1.62423408031	-14.1660709381	-20.3060741425	24.6562461853	18.5966472626	-2.2593164444	-8.65393447876	-27.9300880432	-23.746383667	-10.397228241	2.57049250603	24.4318199158	30.1037330627	-22.4238758087	1.8641513586	-24.2056274414	22.4911422729	4.84067296982	-5.53278970718	-30.3095054626	3.66036462784	9.53711605072	-28.0853462219	0.382050186396	13.2197790146	-26.5400123596
-29.1194992065	-0.524608790874	3.61347842216	23.0404281616	19.0122890472	6.20254993439	-6.56031227112	-16.4668655396	-28.1588954926	19.9138011932	25.374835968	-4.92481803894	-15.4470310211	-14.0571603775	-15.0196590424	3.32979655266	6.05262470245	26.7761039734	25.9874992371	-16.8855628967	-7.68602275848	-19.7391300201	24.8550128937	0.122145846486	-5.72666549683	-24.2121486664	8.2236289978	9.77060222626	-29.2370567322	-4.14993429184	15.4022130966	-36.6730804443
-29.1625900269	-0.790126800537	3.65080857277	23.5357151031	18.9611854553	6.00800085068	-6.91428852081	-16.37292099	-27.5338516235	19.5470809937	25.5047245026	-4.86927080154	-16.0179958344	-14.7582120895	-14.7350606918	3.57487034798	5.59931373596	26.0156478882	25.8069877625	-16.8190689087	-7.32486581802	-20.072052002	25.0543174744	0.378316432238	-6.0227599144	-24.6869487762	7.99962091446	9.41977977753	-29.8707771301	-4.12859201431	14.7443590164	-36.6828765869
-29.4812660217	-0.284080296755	3.9712908268	23.4565963745	19.115530014	5.77620124817	-7.00032424927	-16.7252578735	-28.1387729645	20.1033687592	25.8611125946	-5.34101200104	-15.9955224991	-14.364197731	-14.7686672211	3.2775747776	5.48227119446	26.3696708679	26.0607318878	-16.5539264679	-6.98125219345	-19.695941925	24.8729724884	0.574350953102	-6.14778423309	-24.3323192596	8.34374046326	10.0731573105	-29.9739646912	-4.19481182098	15.3557577133	-36.3496932983
-29.246421814	-0.916721224785	4.29586410522	22.9207668304	18.3877754211	6.34835529327	-6.2328004837	-16.7033195496	-27.7413539886	20.1850852966	25.994562149	-4.76015663147	-15.5945911407	-14.7648563385	-15.0820207596	2.92714881897	5.44116163254	26.2686767578	26.1319923401	-16.5050029755	-7.58159589767	-19.5007343292	24.7333850861	0.428745269775	-6.10863637924	-24.1189002991	8.29100131989	9.46852016449	-29.8075084686	-4.28298711777	15.4289865494	-36.0893211365
0.781954884529	26.368227005	10.5149068832	6.19376420975	0.819861650467	21.489320755	33.2909812927	28.1956615448	-18.1287212372	-23.7920913696	-3.05835533142	-6.34366321564	7.20360851288	-23.4432964325	5.64239835739	30.6229667664	30.8360538483	-23.9639911652	1.59859287739	21.2901058197	9.366355896	13.9158668518	-22.5687904358	-10.311715126	16.7038536072	-1.68408620358	8.68671417236	-30.7057781219	7.36175584793	9.34924316406	-5.69991779327	1.88650131226
0.414114832878	26.3036956787	9.96992206573	6.71299648285	0.955668449402	21.5485153198	33.8291702271	28.1962280273	-17.8167724609	-24.2765369415	-3.73106312752	-6.03581428528	8.23124217987	-23.0348072052	5.15934467316	30.8522262573	30.3017520905	-23.9882335663	0.83838737011	20.890411377	9.31856250763	14.0772304535	-23.2094306946	-10.0157136917	16.6044006348	-1.20432758331	8.39384269714	-30.9334220886	8.23000621796	9.58937835693	-5.8565993309	1.72940075397
1.52990889549	25.8471374512	9.52271270752	6.37189674377	1.26871228218	21.5413684845	34.0463638306	29.2245330811	-17.2518501282	-24.1604499817	-3.26436901093	-6.27495145798	7.40247392654	-23.4662094116	5.18801021576	31.0744895935	30.696937561	-24.3518543243	1.39811015129	21.3335227966	8.98089599609	13.7925634384	-23.4881343842	-10.1195583344	15.9763097763	-1.01645755768	8.2590341568	-30.8640289307	7.96159362793	8.71314525604	-6.29089307785	2.15023422241
1.22025024891	25.8566894531	9.8335313797	6.21626091003	0.572878718376	21.1923542023	33.0902938843	28.2992687225	-17.5869884491	-24.0150699615	-2.82793331146	-6.71354627609	7.41877365112	-23.4825954437	6.04548883438	30.8233680725	30.1242961884	-23.9749221802	1.04485249519	21.1925010681	9.41410827637	13.3639698029	-23.3338603973	-9.93398284912	15.8022918701	-1.78439736366	8.8047170639	-30.316204071	8.11630344391	9.38785266876	-5.67815542221	1.6717877388
-3.70436763763	29.0195159912	2.19893050194	5.30782318115	-0.00635106861591	22.7641468048	35.1467285156	32.6888275146	-18.0826530457	-25.2873039246	-4.50364017487	-3.85125136375	11.2866849899	-15.70353508	-0.0433304905891	31.0180015564	29.2658252716	-19.5573291779	4.7925157547	19.1784229279	7.56079435349	9.37079715729	-21.0042209625	-5.61119174957	16.5703926086	-4.67521524429	1.62204098701	-27.7018089294	5.57247829437	9.42896366119	-5.1949968338	3.26182126999
-3.92781352997	28.6490879059	2.1705300808	5.06141805649	0.182615920901	22.5929965973	35.0127906799	32.549785614	-18.0919532776	-24.8386707306	-4.82096624374	-4.08423233032	11.7808246613	-15.4146461487	-0.0742740556598	30.8892784119	29.2150173187	-19.4928359985	4.74066543579	19.4427394867	7.62994146347	9.39626789093	-20.6665840149	-5.22835731506	16.2243080139	-5.12882232666	1.41151833534	-27.9143409729	5.354159832	9.56089782715	-5.59121274948	3.53880214691
-4.03346395493	29.2100753784	2.1759762764	5.16156578064	0.155950948596	22.4366474152	34.7531318665	32.9107284546	-18.5869197845	-24.8512916565	-4.66852998734	-4.01205253601	11.4436016083	-15.5205354691	0.0351280421019	30.9007530212	29.2098312378	-19.5254058838	4.96068954468	19.523311615	7.39193487167	9.53745651245	-20.8890609741	-5.44027519226	16.5812721252	-4.66939640045	1.31700479984	-27.9785022736	5.4073677063	9.400182724	-5.46485137939	3.47315311432
-4.01563215256	28.78358078	2.52358937263	5.34639024734	0.0247935429215	22.6436347961	35.0865974426	32.640586853	-18.465461731	-24.9032363892	-4.20314979553	-3.58573484421	11.3797273636	-15.6941423416	0.00362941622734	31.1891307831	29.5087070465	-19.4224052429	4.79960775375	19.6180934906	7.79725265503	9.84131908417	-20.561958313	-5.21493864059	16.6044750214	-5.0073890686	1.26322317123	-27.7570552826	5.69121980667	9.42954730988	-5.38302707672	3.70225334167
-2.45989704132	24.5909862518	3.81489467621	2.60818696022	-0.0987669229507	17.282459259	30.6113777161	34.8584289551	-23.5664653778	-23.889125824	-1.88174939156	0.52037268877	13.0877132416	-17.7591152191	4.14449262619	34.1121139526	32.3524246216	-18.825252533	2.91439676285	23.8961849213	8.96633338928	9.00690746307	-26.2475242615	-8.68994045258	16.9898548126	-7.92004871368	4.49673175812	-25.2890415192	10.1179637909	4.96814727783	-11.377790451	5.04579257965
-2.26380157471	24.238275528	3.91311836243	2.54343986511	0.219444304705	17.6042957306	30.4165725708	35.2285957336	-23.1977214813	-23.2955360413	-2.24351882935	0.742223858833	13.3739032745	-17.8976573944	3.57196998596	34.0822753906	32.5833930969	-19.1936683655	2.88351774216	23.3513813019	8.36957073212	8.62025928497	-26.2000865936	-8.4842376709	17.0857772827	-8.20810317993	4.89253807068	-24.7834777832	9.69360160828	5.14253520966	-11.3627624512	5.27168083191
-2.03417730331	24.0039234161	3.5131855011	2.715477705	-0.37128457427	17.7989559174	30.3645191193	35.2734718323	-23.8128814697	-23.547958374	-1.75230884552	1.14222633839	13.1074104309	-17.8436737061	3.94794726372	34.0932884216	33.1528968811	-19.046869278	2.30836963654	23.7669887543	8.16867828369	8.87257385254	-25.6208724976	-8.59493350983	17.2738552094	-8.19163894653	5.02763986588	-24.8580265045	9.75329399109	5.39524364471	-11.9043159485	5.0446767807
-1.85500049591	24.7008113861	3.56322216988	1.96062910557	0.00531347468495	17.5862255096	30.636724472	35.4893684387	-23.1891880035	-23.0334243774	-2.3370513916	1.0229985714	13.0324668884	-17.7059192657	3.74069714546	34.8736572266	32.6201248169	-19.0521793365	3.01489472389	23.8307342529	8.89580440521	8.68785953522	-26.1576404572	-8.28904628754	17.0627002716	-8.48880195618	4.65575313568	-24.568611145	9.3726682663	5.45987224579	-11.3591251373	4.58611249924
-1.80646038055	28.5664424896	3.31730151176	7.12152528763	1.86287510395	20.7193260193	33.2080917358	29.0495376587	-20.2725105286	-22.3367233276	-4.8258061409	1.90665984154	15.4444046021	-16.0803527832	0.204760968685	29.8609523773	35.2411193848	-25.7351303101	0.758367538452	18.792755127	7.94643211365	9.34205436707	-25.9562664032	-3.24429488182	20.6937427521	-7.93836975098	7.46266651154	-24.2028236389	6.51858186722	7.97699117661	-5.72955656052	2.22320103645
-1.32991588116	27.9356536865	2.78267168999	7.21703243256	1.75339484215	20.883649826	33.9434051514	28.3710365295	-20.9449615479	-22.1508350372	-4.66403436661	2.04713916779	15.2169599533	-15.8057327271	0.614842474461	29.2697906494	35.1217155457	-25.5812339783	0.976263105869	18.4187736511	7.64077138901	9.18140697479	-26.1401004791	-3.73186898232	20.7593307495	-7.98587083817	8.15137958527	-24.5080909729	6.96008396149	7.52184486389	-5.7323012352	2.27364563942
-1.6786711216	28.7532577515	3.4204146862	6.66164731979	2.15315485001	20.5865840912	33.0253219604	28.4529972076	-20.6177845001	-22.110534668	-4.1055765152	2.07248473167	16.1632385254	-15.8253364563	-0.0683319568634	29.8834476471	35.1992225647	-25.7767219543	1.48035156727	19.0856723785	8.11367988586	9.81265830994	-25.8381519318	-3.27678823471	20.4818611145	-7.94915628433	7.80615997314	-24.533203125	6.73916482925	7.40947294235	-5.75857782364	1.78236353397
-1.68694710732	27.8052806854	3.07270312309	6.64864873886	2.49951243401	20.931646347	33.2616233826	28.7068920135	-20.2719764709	-22.0297279358	-4.44312047958	1.63077628613	15.1125612259	-15.5581636429	0.581134974957	29.0933971405	35.3046569824	-25.5690364838	0.740306138992	18.9013977051	7.69629573822	9.39648342133	-25.6695022583	-3.30722045898	20.0996513367	-7.74476099014	7.54428720474	-24.6265144348	7.46539878845	7.49263429642	-5.52307128906	1.89805078506
7.86705732346	-0.939347028732	25.1704483032	28.1875629425	-22.3468513489	-4.93049144745	1.37755191326	16.3164520264	-4.27672290802	8.65457725525	-16.2932987213	9.48850059509	24.8858890533	20.6900272369	-2.34418129921	-6.65082406998	6.3557767868	-27.3318576813	-20.1028118134	3.46913933754	2.59813666344	-35.0830497742	5.53722906113	20.8020572662	-17.4333820343	-20.7305355072	-33.4401397705	9.5747051239	24.0586509705	28.3862819672	-7.74097442627	-0.926232278347
6.91572189331	-1.23029565811	24.9239253998	28.2405776978	-22.0017738342	-5.27615737915	0.92448335886	16.4180259705	-4.16841650009	8.7843542099	-16.6439495087	10.284330368	24.6752128601	20.3132171631	-2.48158574104	-6.37176513672	6.49761343002	-26.8982048035	-19.6323165894	3.48853302002	2.15006017685	-35.3761940002	5.66706323624	20.9612827301	-16.9146518707	-19.9359054565	-33.9621543884	9.73540210724	23.4818763733	27.8816013336	-8.02334880829	-0.686079859734
7.51111698151	-0.360902875662	24.8092880249	28.572561264	-22.2489833832	-5.01035356522	1.0995143652	16.4621372223	-4.74408817291	8.9266242981	-16.2014751434	10.1117620468	24.5021839142	20.3851985931	-2.97611570358	-6.33549070358	6.54216003418	-27.6817512512	-20.1185836792	3.34543085098	1.8357770443	-35.3171272278	5.20977640152	20.5740280151	-16.9942588806	-20.265378952	-33.7616882324	9.75777053833	23.5571289062	27.9370365143	-7.44865322113	-1.28447544575
7.14826488495	-0.503689944744	25.0327091217	28.8844871521	-22.7390193939	-4.92817831039	0.533716201782	16.3432121277	-4.27165985107	9.20925807953	-16.8759555817	9.93996334076	24.8675861359	20.4603309631	-3.10532307625	-6.30377244949	6.7049536705	-27.0803985596	-19.9220466614	3.72380614281	2.4360537529	-35.6572380066	5.41106414795	20.7037563324	-16.9354057312	-19.9911689758	-33.5205116272	9.21099472046	23.7424507141	28.1213111877	-7.54073524475	-1.19066309929
1.02829039097	9.73021411896	22.2106323242	16.0209121704	-19.8790588379	-6.25945043564	13.5137748718	12.8731622696	0.763565897942	20.4041042328	-17.7061386108	2.15777230263	18.9030208588	18.2342510223	-1.39434123039	-0.121364474297	6.83880662918	-34.7145652771	-19.2560482025	12.5988502502	3.42724657059	-34.0513916016	14.0457382202	23.1728134155	-12.7846851349	-26.1782455444	-26.8159408569	9.08094882965	30.9998607635	24.6214485168	1.04616463184	4.81990480423
0.0618961453438	9.79478740692	22.0627155304	15.2793531418	-20.5952014923	-6.69916725159	13.7532196045	12.3204259872	1.78088521957	21.040271759	-19.0647163391	1.68549668789	18.8618927002	17.001203537	-2.35427880287	-0.410012602806	6.44075155258	-34.4857177734	-19.3208255768	12.2191953659	2.17732715607	-34.8239555359	13.465007782	23.4771270752	-12.7211446762	-25.2979412079	-26.405670166	8.79895305634	30.9289360046	24.3611507416	1.25983405113	3.65476918221
0.848445653915	9.00368976593	22.5283851624	15.2159976959	-20.1254329681	-6.85021305084	13.5250120163	12.636423111	1.17807579041	20.6188755035	-18.7545833588	1.34178161621	19.5232315063	16.8153972626	-2.87585425377	-0.309972405434	7.12586259842	-34.7229309082	-18.5664138794	11.8958044052	2.24790716171	-33.8325233459	13.5212249756	24.4004249573	-12.707192421	-26.1179771423	-27.1358890533	9.43805599213	30.4035758972	24.5916023254	1.24496221542	3.81271624565
0.846197843552	9.14890480042	22.2427101135	16.6875629425	-20.343662262	-7.13900756836	12.6279735565	12.1681394577	2.11931824684	20.3593730927	-18.8888988495	1.74114489555	19.8791599274	18.1014137268	-2.38987827301	-1.66566503048	6.67141771317	-34.4238471985	-17.9518508911	11.2440776825	3.36577963829	-33.9917449951	14.1144313812	24.5054416656	-11.9608917236	-25.3988170624	-26.8600692749	9.3247795105	31.1175117493	23.3710784912	0.976569414139	4.27234506607
-2.89225745201	0.483736395836	29.2436656952	18.4424781799	-24.0662212372	-9.04371547699	9.62207126617	8.09048652649	-9.86626434326	23.0430469513	-21.1730117798	1.79196751118	23.4430503845	23.0463905334	0.813187360764	-3.42295765877	-3.40022778511	-28.6921806335	-15.3981361389	3.88985610008	8.62423801422	-24.36876297	4.09977293015	13.7881679535	-13.9145555496	-29.7654037476	-30.1473312378	9.77983570099	33.2907218933	33.9653663635	0.226675450802	-4.919672966
-2.82537603378	0.79093927145	29.9481449127	19.1973972321	-23.963766098	-8.63587093353	10.1963739395	8.05486392975	-9.19361400604	23.1512641907	-21.5220050812	1.66499328613	23.5142765045	23.1841011047	0.398591458797	-3.30975365639	-3.74887990952	-28.8262748718	-16.0217113495	3.72307085991	8.82181739807	-24.0570163727	4.00145864487	13.800570488	-14.1572237015	-29.298330307	-30.5623626709	10.1525268555	33.202911377	33.9693222046	0.145754635334	-4.59973716736
-2.59286999702	0.229129344225	30.1043243408	19.1350955963	-23.7223052979	-8.38053512573	9.7316532135	7.6066031456	-9.38034248352	22.9069747925	-21.1567382812	1.71795666218	23.5359230042	23.4757003784	0.784044802189	-3.75059247017	-2.80537486076	-28.7538700104	-15.2612485886	3.78607416153	8.6730222702	-23.6676883698	3.55431103706	13.269156456	-14.163983345	-29.9765834808	-30.5319442749	9.59635639191	32.9127388	33.5264892578	0.218138068914	-4.42136335373
-2.29142737389	0.660136044025	29.1828041077	18.953622818	-24.1568984985	-8.39905548096	9.99616336823	7.96654319763	-9.48201370239	22.8994884491	-21.5221214294	2.25370073318	23.7879867554	23.2040996552	0.604860603809	-3.67996549606	-3.43308258057	-28.8586235046	-15.9066181183	3.76946043968	8.25278568268	-23.6673221588	3.42577528954	13.3604784012	-13.3960313797	-29.2341632843	-30.5896987915	10.1294326782	33.4385032654	33.8109397888	0.484887719154	-4.80336332321
8.27793884277	8.89028835297	24.5970935822	19.4391708374	-20.3792705536	-9.96963500977	14.1655311584	6.44129180908	-9.16281700134	12.9942150116	-14.6695098877	7.3565735817	32.5014877319	19.1554775238	-3.0849199295	-11.4458789825	6.58288049698	-32.9543800354	-10.2685880661	10.2759685516	15.1756696701	-23.8024101257	11.7915754318	12.7105140686	-18.0531311035	-22.0878410339	-39.1385574341	16.1184654236	18.5660476685	25.7299938202	1.07657003403	-5.92402029037
8.15201473236	8.4854850769	24.7480297089	20.3167915344	-20.0906200409	-9.75033855438	13.9563531876	6.3733754158	-8.64915847778	12.7393035889	-14.5425157547	7.4946231842	32.1473999023	19.1983966827	-3.50582933426	-10.6136875153	6.11065149307	-33.2818336487	-10.0951719284	10.7406797409	14.5652952194	-23.7546596527	11.4118309021	13.345208168	-18.4302253723	-22.2653408051	-38.7262954712	16.2368106842	18.3571472168	25.1754341125	0.955875813961	-5.56533193588
8.16000747681	8.3922586441	24.5011920929	19.4821777344	-19.6624317169	-9.58086299896	14.6059923172	6.3484711647	-8.7046585083	13.2375888824	-15.0382766724	7.49818563461	32.6583480835	19.1872215271	-3.38821935654	-10.5967693329	6.59018564224	-33.1895027161	-10.4894981384	10.1923599243	14.4988880157	-23.7407817841	11.7329235077	12.8645410538	-18.2345924377	-22.0058116913	-38.8728103638	16.0019626617	18.3604183197	25.4082393646	0.892140865326	-5.25823307037
8.31416130066	9.00599193573	23.8542499542	19.5420951843	-20.2846603394	-9.39888095856	14.5838708878	6.27442502975	-9.03503036499	12.7896432877	-14.8889694214	7.17588758469	32.3762283325	19.1332206726	-3.63338685036	-11.3262214661	6.16668319702	-32.7005767822	-10.0579948425	9.99128341675	14.6887674332	-23.9974937439	11.3203401566	13.0283737183	-18.4925613403	-21.5184135437	-38.5685691833	16.151763916	18.7648124695	25.7085094452	0.496008813381	-5.54865932465
14.8136081696	15.0146465302	-15.9709606171	23.215259552	-20.2754364014	-6.43477344513	22.4701385498	11.2585229874	0.0439854636788	-6.22468805313	15.9850959778	-2.17403435707	-10.738114357	19.7790870667	4.64067840576	28.9787559509	-21.7157382965	21.629032135	-13.1019792557	25.7737197876	21.2854290009	-23.4049625397	15.6979370117	22.340921402	22.571018219	4.18077135086	-20.7879123688	24.4579944611	-9.120262146	-7.60376262665	14.0496835709	24.4686660767
14.4403219223	14.2490987778	-16.3331432343	23.8572368622	-19.6360702515	-6.11103248596	22.3802127838	11.4699516296	-0.141182363033	-6.70997953415	15.5228862762	-2.87986755371	-11.2770605087	20.2668190002	4.57705259323	29.5911140442	-21.6001567841	22.3780403137	-13.3482284546	26.1371994019	20.8919830322	-23.8846549988	15.5531005859	22.6137542725	22.6953544617	3.73527526855	-20.5856704712	24.5317211151	-8.4732131958	-7.36785840988	14.481385231	24.2191791534
14.0476102829	14.283949852	-16.4794616699	24.0236415863	-20.0734539032	-5.33663511276	21.79920578	11.4020795822	-0.44220712781	-6.88948440552	15.1974868774	-2.13605070114	-10.3466835022	20.1466846466	4.84625005722	29.4565563202	-21.7165374756	21.721830368	-13.1396780014	26.3347969055	21.1327972412	-23.187417984	15.4940366745	21.7786598206	22.9966087341	4.22323894501	-20.612361908	24.0495567322	-9.03400611877	-7.10467815399	14.0773963928	25.0016803741
14.0823431015	14.4741106033	-16.6294574738	23.9314956665	-20.2668628693	-5.54874897003	22.5481872559	12.2215652466	-0.09074395895	-7.1687707901	15.5797433853	-3.1185336113	-10.8167362213	20.3487873077	3.85637712479	29.289648056	-21.1694450378	22.1017150879	-12.7661991119	26.4922370911	21.3541564941	-24.1285839081	15.4621696472	22.0049228668	23.5096225739	4.26076555252	-21.1606884003	24.4742641449	-8.7216758728	-7.86854553223	14.14914608	24.9042835236
10.6753339767	17.7691993713	-16.8162326813	18.4686393738	-19.7065448761	-13.1665678024	22.5932064056	18.675075531	4.86464595795	-12.481294632	17.5219173431	-2.04719853401	-9.93258953094	20.5639572144	5.94019889832	22.3583908081	-18.5690135956	25.1244392395	-13.2275438309	18.7260704041	25.8899841309	-17.9649162292	9.38475608826	26.6006393433	24.9973735809	4.21746873856	-19.2705554962	23.3640117645	-13.924200058	-6.45283555984	12.166015625	23.2803821564
10.7539691925	17.5886802673	-16.6293621063	18.4889888763	-19.4707260132	-12.8574724197	22.5532360077	18.1322135925	4.27586984634	-12.3410634995	17.2072181702	-2.1442527771	-9.62857246399	20.8457965851	6.46921825409	21.8447341919	-18.6231136322	25.169418335	-12.7356500626	19.0584087372	26.0349712372	-17.9610958099	9.31053447723	27.0382709503	25.2963237762	4.68140220642	-18.9758682251	23.8310546875	-13.5519113541	-6.34380817413	11.692533493	22.9707546234
10.6162757874	17.6560516357	-16.7786540985	19.2826156616	-20.041053772	-12.6079959869	22.3931293488	18.7322940826	5.0619597435	-12.1317453384	17.6413288116	-2.16734051704	-9.95188999176	20.616558075	6.34959220886	22.2635059357	-18.4796066284	24.8382129669	-13.0340576172	19.2754516602	26.1715450287	-17.8979740143	8.95096874237	27.0491943359	24.7155151367	4.04081630707	-18.5005512238	23.2240695953	-13.9705095291	-6.44173240662	11.7393522263	23.4037284851
10.3252058029	17.7638874054	-16.745765686	18.6868228912	-20.0168037415	-12.9582138062	22.8360080719	18.3180751801	4.62121725082	-11.8831148148	17.6242179871	-2.43383097649	-9.95860099792	20.936164856	6.22120714188	21.8125629425	-18.8120498657	24.6993217468	-12.688990593	19.2269306183	26.4853725433	-18.4628829956	9.16061210632	27.1325874329	25.4428501129	4.17828416824	-18.8855457306	23.29637146	-13.6930761337	-6.14014005661	11.6300735474	23.1995315552
13.9086027145	20.3750572205	-12.1400213242	21.4754447937	-16.3096179962	-12.7770872116	22.5032424927	12.6912984848	1.43629169464	-10.541686058	15.689248085	-5.38652706146	-12.1518602371	22.7051963806	-0.344385743141	28.9864025116	-24.2280101776	24.2001285553	-7.47696781158	21.5487861633	27.4645385742	-23.3244571686	11.5409355164	21.5084457397	18.0860061646	8.41686725616	-19.1538734436	22.7269268036	-13.8792686462	-9.48227787018	8.51936435699	24.4444694519
13.8448629379	20.1451339722	-12.2004470825	21.5635967255	-16.4966812134	-12.5183181763	22.4056358337	12.707909584	1.61130940914	-10.8167724609	15.9279108047	-5.71304750443	-12.2321281433	22.8819351196	-0.450419902802	29.1883640289	-24.335647583	24.1543807983	-7.46026563644	21.1890869141	27.6885643005	-23.3483924866	11.6573801041	21.6363506317	18.0541877747	8.69546318054	-19.0609779358	22.7753181458	-14.1581192017	-9.66725921631	8.49237537384	24.3753566742
13.7545137405	20.4507255554	-12.1248149872	21.3878746033	-16.5732250214	-12.3279809952	22.3672866821	12.8032751083	1.6171476841	-10.676653862	15.9241275787	-5.57033920288	-12.370267868	22.6116085052	-0.254638820887	29.272146225	-24.2193756104	24.2525291443	-7.20917081833	21.1880950928	27.4995670319	-23.4656581879	11.849738121	21.7940101624	18.0905952454	8.53789424896	-19.2132701874	22.7182579041	-13.9897279739	-9.5622844696	8.74917602539	24.383190155
14.0042514801	20.3805675507	-12.182762146	21.5636844635	-16.2621765137	-12.7475795746	22.1881427765	12.7358779907	1.68012309074	-10.7562236786	15.7346153259	-5.84547376633	-12.5767421722	22.8348121643	-0.157282561064	29.060005188	-24.0911922455	24.183429718	-7.49668979645	21.0988483429	27.5754261017	-23.3940658569	11.9149961472	21.7267932892	18.3622608185	8.54179573059	-19.0704212189	22.7717666626	-13.9456377029	-9.65610027313	8.461561203	24.3001289368
15.3919010162	17.1510772705	-19.2891788483	18.6437644958	-16.4389896393	-6.34758806229	20.9946899414	14.9942378998	-0.479342877865	-12.7358179092	16.6265087128	-5.81521129608	-9.92913627625	27.1239452362	4.54745149612	22.1019535065	-23.5087108612	24.4473285675	-9.73575019836	21.7966918945	22.1463069916	-17.3542251587	15.6344022751	27.3706684113	19.5420684814	8.33226203918	-19.2399597168	22.9766197205	-9.81740951538	-5.23416852951	9.55256938934	22.3025817871
15.4361391068	17.1592159271	-19.4651679993	18.255437851	-16.025346756	-6.7909154892	20.9048652649	15.1634502411	-0.55911231041	-12.8416614532	16.668510437	-5.66915750504	-9.63686561584	26.9807815552	4.43541145325	21.9950180054	-23.2045593262	24.6634807587	-9.90034294128	21.8341960907	22.1538410187	-17.3570461273	15.5495643616	27.1273727417	19.5184555054	8.19663047791	-19.594991684	22.8336601257	-9.75415229797	-5.29100894928	9.36783504486	22.2144699097
15.4527378082	17.3374633789	-19.1090278625	18.4023513794	-16.2026672363	-6.56545639038	21.0770587921	15.1502466202	-0.614241719246	-12.6929512024	16.5508155823	-5.52311325073	-9.82959270477	27.1882858276	4.60057353973	21.9240760803	-23.1859149933	24.4547576904	-9.86279296875	21.7326965332	21.9373722076	-17.4775276184	15.7041759491	27.07695961	19.8146514893	8.56209373474	-19.4160327911	22.9736728668	-9.95788574219	-5.50890302658	9.33047103882	22.2321186066
15.586098671	17.2738285065	-19.1350154877	18.7420482635	-16.3174057007	-6.35443592072	21.0800991058	14.9798336029	-0.263156712055	-12.7089147568	16.8105316162	-5.80785322189	-9.78468990326	27.0660076141	4.57778787613	22.0422763824	-23.4100513458	24.4411144257	-9.95886802673	21.8583106995	22.1559314728	-17.3449459076	15.4035568237	27.0917949677	19.7251281738	8.55979919434	-19.4840202332	23.0500335693	-9.81941413879	-5.20462608337	9.69740962982	22.4777812958
