-0.197188	-0.482509	-0.387049	0.621485	0.448909	-2.344199	-2.838816	-3.087535	5.276834	3.663750	
-0.146131	-0.497431	-0.401232	0.612926	0.450198	-5.471193	-1.054173	-4.930435	4.429834	2.948986	
-0.168390	-0.492023	-0.394930	0.616039	0.450278	-4.023418	-4.033564	-2.127336	4.333472	2.449884	
-0.693609	-0.290428	-0.233794	0.723533	0.426233	-2.965160	0.419980	-2.780362	2.470155	1.836134	
-0.145942	-0.497258	-0.401349	0.612741	0.450848	-4.493889	2.886637	-0.851873	7.575446	3.471862	
-0.146413	-0.496863	-0.401104	0.613239	0.450218	-2.072901	1.095156	0.024169	6.914529	3.933009	
-0.872745	0.019777	0.039180	0.444077	0.185707	0.256393	1.298906	-0.886427	6.491417	3.908414	
-0.196060	-0.481906	-0.387143	0.622331	0.448998	-4.813816	-0.416123	2.242190	7.682573	2.501545	
-0.163518	-0.492579	-0.396437	0.615692	0.449634	-5.783115	1.103465	-3.332794	7.426570	4.943247	
-0.720505	-0.301146	-0.226833	0.712211	0.422967	-4.588449	-2.120567	-0.949856	4.142402	2.161418	
-0.239319	-0.464711	-0.372932	0.629665	0.447104	-3.613901	2.314563	-4.189691	3.387797	2.259979	
-0.169156	-0.491030	-0.395965	0.617879	0.450887	-1.152028	-1.068460	-0.824924	3.746507	2.523445	
-1.013956	0.317841	0.271027	0.232684	-0.016282	1.577913	0.545623	0.201344	9.259014	5.279974	
-0.855318	0.374324	0.088212	0.642246	0.174129	1.869337	-0.161839	0.360751	5.233351	2.991147	
-0.713191	0.615600	0.209443	0.450145	-0.015504	-4.097485	3.898681	0.712699	5.312946	0.147643	
-1.164782	0.034793	0.348968	-0.048707	-0.007050	-5.111813	-2.013947	1.450596	4.277174	-0.302108	
0.450403	-0.947749	0.103079	-0.092174	-0.683275	-3.082382	-4.579201	-3.158836	2.357966	0.172795	
0.751274	-0.499996	0.317246	0.173971	-0.262295	-0.496513	-6.151721	-2.797745	4.277789	-3.418716	
0.769698	-0.459590	0.322026	0.197353	-0.241823	-2.106676	-5.857538	-4.605130	3.177411	-1.043150	
0.826803	-0.496913	0.244196	0.108220	-0.216837	-0.936213	-4.055847	-4.094488	2.231247	-2.975440	
-0.125295	-0.387939	0.471026	-0.517177	0.593749	-4.033667	-4.326300	1.392453	5.197594	-0.953751	
-0.127499	-0.386129	0.468924	-0.518634	0.595049	-3.171260	-3.984849	0.567412	3.996235	-0.345075	
-0.126726	-0.385240	0.472817	-0.518810	0.591893	4.548587	-1.448162	0.422472	5.906928	2.122169	
-0.130793	-0.386961	0.472551	-0.515518	0.594521	-1.912603	-4.598308	0.867581	4.491587	-2.699950	
-0.800104	-0.573345	0.190022	-0.531059	-0.117519	-0.768149	-0.481298	-0.385263	0.409552	-0.457284	
-0.494240	-0.705820	-0.310183	-0.526436	-0.784095	-3.477459	1.872679	-2.630912	2.784747	-3.534296	
-0.410836	-0.751833	-0.353013	-0.455981	-0.694754	-1.214961	-1.649881	-3.953187	2.334198	-6.616644	
-0.452281	-0.707652	-0.334549	-0.443398	-0.701240	-5.455793	2.118415	-1.934787	3.977649	-2.923583	
-0.182093	-0.400315	0.515979	-0.541263	0.632368	-4.553835	-0.771752	4.028245	5.360078	-2.195698	
0.154900	0.114517	0.663894	-0.183345	1.010108	-1.578151	-1.344225	2.633991	3.924742	-3.489282	
0.185972	0.349164	0.722846	-0.512450	0.475573	1.397431	-2.228744	2.893095	6.391751	-4.279878	
0.050507	-0.085113	0.611180	-0.318798	0.889862	-2.476816	-2.150163	3.599834	5.848467	-5.477410	
0.627461	0.032739	-0.698217	-0.480491	0.270976	2.569117	-0.447849	-6.504550	4.858282	0.688726	
0.388103	0.073442	-0.655193	-0.479776	0.277361	-3.124457	-4.690431	-4.373965	2.709810	0.604531	
0.581119	0.052846	-0.709490	-0.489298	0.280978	-1.109806	3.220875	-7.398817	3.867510	1.342407	
0.629630	0.033206	-0.699121	-0.478584	0.271675	4.270457	-2.912969	-4.129146	6.417910	2.564272	
-0.247501	0.512258	-0.955908	-0.630952	0.493466	4.089545	-0.022773	-4.881878	5.550659	-1.278601	
0.407899	0.138422	-0.734812	-0.500815	0.313837	1.211148	1.904548	-5.487038	3.324184	-1.505952	
-0.255101	0.524570	-0.956970	-0.634948	0.494441	3.405175	0.390808	-4.806941	4.851088	-5.505988	
-0.249625	0.515583	-0.960926	-0.634073	0.495335	4.094758	-0.040882	-4.806684	5.530644	-1.257756	
0.830060	-0.146691	-0.468805	-0.331087	0.137900	3.262541	-2.984059	-4.801938	4.950436	0.638972	
1.011079	-0.286756	-0.317298	-0.233993	0.043810	-0.578429	-3.019367	-4.124146	2.129759	-1.245705	
0.958083	-0.489775	0.209350	0.117887	-0.207594	0.553738	-2.461488	-2.561200	1.754450	-0.853424	
1.020822	-0.285835	-0.334435	-0.245531	0.051243	1.686334	-1.824313	-2.343925	2.492117	0.555710	
0.320900	-0.547840	0.969161	0.639465	-0.508231	2.143120	-3.642668	-4.517224	4.241375	-5.710107	
0.255443	-0.528824	0.986260	0.651083	-0.509342	2.058514	-3.242665	-2.049400	3.760102	-3.260092	
0.255671	-0.528959	0.986668	0.651474	-0.509376	4.182488	-3.650356	-1.330717	6.077047	-2.821456	
0.255406	-0.528355	0.985858	0.651123	-0.509148	2.278116	-4.818739	-1.102538	5.540376	-4.239049	
-0.127235	-0.046395	-0.664775	0.227545	-1.010703	-2.786002	4.485387	-2.280929	3.297061	-0.850640	
0.119785	0.427821	-0.484961	0.531684	-0.641493	-1.385722	6.254912	-4.036515	4.178221	-0.518625	
-0.085651	0.027319	-0.630047	0.277404	-0.936485	-3.927954	4.767798	-4.158749	3.691027	-1.441386	
-0.162866	-0.120689	-0.656726	0.171611	-1.005687	-3.403427	3.708893	-5.627517	3.040049	0.903561	
0.161299	0.535710	0.401237	-0.581951	-0.441597	-0.057411	0.093931	-0.511194	0.998741	-2.081873	
0.189452	1.022020	0.474831	-0.395431	-0.021756	0.841042	0.780419	-0.063519	1.476265	-1.182994	
0.161906	0.536015	0.400559	-0.581414	-0.443161	3.097255	0.290155	0.252762	4.243627	-1.904599	
0.156391	0.526994	0.397918	-0.595692	-0.458350	0.974277	4.210161	-1.548829	4.188925	-4.058825	
-0.038051	0.295567	-0.022360	-0.589071	-1.121992	-0.744304	-0.401314	-4.430996	3.016695	-8.727538	
0.153043	0.522336	0.375638	-0.575809	-0.474371	-0.609522	1.468001	-1.906381	4.022485	-7.287908	
0.163325	0.537926	0.402024	-0.580396	-0.440437	0.668684	3.781704	-0.858247	4.089077	-4.096247	
0.139108	0.923807	0.067826	-0.102410	-0.889507	0.037618	5.692887	-2.553578	4.504186	-2.843945	
0.408280	0.773882	0.369726	0.441741	0.682982	3.947472	0.618320	2.431197	7.214272	-1.882252	
0.378728	0.898230	0.223841	0.228273	-0.016506	2.361946	0.903359	1.415977	4.617277	-1.770702	
-0.029442	1.020777	-0.071533	0.825930	-0.157742	-4.880712	3.027657	3.213670	5.762216	-2.286996	
0.365611	0.814268	-0.042179	0.652189	0.091850	-0.489026	3.211320	1.324943	5.290922	-2.804688	
