1.3724e-240	4.344e-29	4.7974e-291	0.069156	0	0	0	0.33429	0	0
0	1.0211e-53	0	1.8863e-24	0	0	0	0.31104	0	0
0	0.0071039	1.7643e-151	8.7908e-11	0	0	0	0.3333	1.5397e-98	0
4.6479e-182	0.011925	5.1666e-98	0.13395	1.5103e-126	6.7953e-113	0	0.29316	4.1178e-59	0
4.8948e-37	3.3415e-212	1.6888e-10	0.016005	0	0	0	0.13557	1.0174e-05	0
1.0869e-40	5.2326e-127	0.00038879	4.4238e-06	0	0	0	0.16214	0.0010098	0
0.0027627	3.7369e-97	0.0017459	0.24577	8.0595e-91	2.1858e-18	0	0.084727	0.002378	0
9.3836e-150	5.5585e-24	0.0023785	0.02533	0	6.5741e-56	0	0.18313	0.0076032	0
6.1641e-243	7.7192e-76	2.4752e-222	0.095755	0	0	0	0.23932	1.2427e-233	0
1.4407e-165	0.013682	5.9375e-40	0.14206	4.4468e-164	2.61e-58	0	0.29914	0.0027078	0
2.5138e-172	0.0033808	1.1531e-99	0.15315	1.1148e-112	1.8666e-130	0	0.29532	1.7949e-66	0
1.1565e-247	4.9004e-36	1.5435e-231	0.080686	0	0	0	0.29771	5.1275e-236	0
0.0017471	9.5627e-20	2.0636e-16	0.30588	3.1834e-59	7.7344e-31	0	0.0004021	1.0617e-21	0
1.6467e-11	0.096535	6.0837e-22	0.26979	3.2999e-28	4.4713e-39	0	0.11221	6.4248e-48	1.6326e-91
1.7927e-191	0.16298	2.3387e-31	0.16743	3.3512e-39	1.7458e-63	0	8.1018e-12	1.9291e-45	6.4897e-104
0.0029461	6.1643e-10	0.074165	0.17501	4.0783e-24	0.0085134	4.9245e-44	3.717e-06	0.14941	7.5902e-73
0.3341	0	0.078295	6.9337e-09	6.8741e-78	2.7789e-45	2.8157e-56	0	1.831e-25	1.6949e-56
0.34118	0	0.0010597	2.1007e-25	1.433e-44	8.5734e-38	6.3738e-51	0	1.9063e-07	7.6375e-53
0.35748	0	2.7801e-59	2.1463e-24	6.8389e-29	9.2407e-37	7.314e-46	0	1.4361e-14	1.7581e-44
0.30573	2.413e-140	6.9808e-23	0.00041091	0.001409	0.08473	0.018428	0	0.10031	0.013675
0.0048564	1.0945e-166	3.1381e-76	1.5301e-14	4.6443e-23	3.7144e-06	2.3993e-26	0	0.36649	4.3282e-44
0.0048564	4.968e-167	6.6946e-76	1.5373e-14	4.6277e-23	3.7136e-06	1.3995e-26	0	0.36649	7.7913e-44
0.096555	1.5665e-51	2.4987e-30	0.054614	0.049428	0.054798	3.8388e-48	2.1976e-98	0.29608	1.5368e-48
0.00013581	8.4443e-61	1.0782e-10	1.0472e-09	1.1024e-30	2.0334e-14	3.417e-14	0	0.37452	7.1724e-34
0.015377	1.2329e-74	0.28415	0.073898	2.044e-63	7.4194e-107	0	8.5225e-100	0.062353	0
0.017348	3.2298e-78	0.32906	0.0066674	0.049483	9.528e-167	0	0	3.5098e-06	4.982e-180
0.066142	2.4413e-154	0.30448	0.0062245	2.0625e-62	5.9611e-93	1.8246e-133	0	0.0081809	1.3327e-178
0.016449	1.9122e-89	0.33701	0.0045489	5.4085e-57	9.2314e-167	0	0	0.0050055	0
7.0447e-51	0.036248	0.091397	5.5607e-23	7.5844e-37	2.8115e-111	0	0	0.23091	8.4761e-82
3.6555e-91	0.139	0.0017421	1.5898e-83	0.0024891	8.6987e-148	0	0	0.16317	2.6359e-13
5.7305e-76	0.069653	1.3957e-06	4.217e-149	0.09797	1.9103e-120	0	0	0.123	3.8976e-40
4.5795e-15	0.052268	0.0049969	9.5045e-34	0.0094682	2.1106e-09	0.00030924	0	0.28905	1.1337e-63
5.8241e-13	0	0	0.0002567	5.563e-23	0.33073	1.515e-53	0	0.010449	6.9977e-19
4.6844e-44	5.9878e-152	4.5437e-82	0.0028532	0.0045719	0.28553	7.4462e-117	0	0.14109	3.1296e-66
3.3986e-46	0	0	5.4273e-06	4.1925e-27	0.33454	9.5683e-59	0	0.0094127	8.6793e-28
2.524e-43	0	0	0.0010391	2.3812e-13	0.33756	2.6577e-53	0	0.00080531	3.2492e-33
3.4479e-40	1.311e-52	0	0	3.0363e-28	1.2155e-31	3.5479e-84	0	1.3067e-227	0.38069
0.01635	4.395e-59	0	9.1638e-211	5.6127e-26	0.09723	0.0025159	0	1.6523e-75	0.29468
2.3809e-46	0.017966	1.7289e-209	1.4521e-202	0.082084	1.0597e-31	1.9398e-91	0	1.1082e-29	0.31298
3.5148e-40	1.2916e-53	0	0	6.975e-28	1.4191e-31	9.8611e-85	0	1.6796e-227	0.38069
0.024419	1.5557e-256	0	7.47e-148	1.1665e-116	0.26978	0.027188	0	7.474e-67	0.16182
0.055438	0	0	2.3685e-166	5.2127e-244	0.29487	0.035455	0	7.3723e-54	0.040853
0.18294	0	5.9292e-102	3.8981e-50	2.0633e-128	0.21318	0.12666	0	1.7549e-54	0.045353
0.17753	6.7467e-254	6.3573e-100	2.2604e-41	2.5073e-95	0.2085	0.026337	0	1.7849e-26	0.15045
0.018904	0	0	3.5247e-192	1.3706e-258	0.034486	0.38894	0	5.6121e-28	0.01124
1.1006e-38	0	0	0	0	1.2855e-50	0.41065	0	0	1.1705e-72
1.1563e-38	0	0	0	0	1.1131e-50	0.41065	0	0	6.7653e-73
1.2353e-38	0	0	0	0	7.9425e-51	0.41065	0	0	5.0635e-73
1.1867e-196	0.043946	0.19877	1.34e-114	0.056657	0	0	0	0	9.2499e-195
0	0.1804	0.13163	0.0003463	9.763e-29	1.5837e-248	0	3.9965e-13	1.1291e-265	1.3613e-114
9.9925e-238	0.056517	0.18284	8.2282e-130	1.8033e-45	0	0	0	0	0
2.6575e-99	0.033214	0.24555	4.9504e-114	5.5564e-55	0	0	0	5.3314e-137	0
0.0064521	4.7437e-17	5.1437e-59	0.0053367	0.29925	0.0081456	5.8869e-69	0	0.12073	0.0086961
2.921e-71	0.11723	3.0226e-86	9.1482e-71	0.29679	5.0537e-96	6.9734e-286	0	0.001467	0.095338
4.5062e-12	0.0015483	2.3515e-60	3.1522e-38	0.3578	3.117e-53	0	0	0.0082055	0.014921
0.0013541	1.5681e-14	0.0084	3.0842e-15	0.35158	2.7163e-32	0	0	2.795e-08	0.0086817
4.1873e-83	3.443e-05	0.1365	3.1409e-29	0.24634	3.1118e-98	0	0	7.5993e-45	8.1709e-67
4.4212e-141	0.00049822	0.054102	1.3969e-10	0.25807	5.6067e-125	0	0	5.8765e-47	2.7276e-89
6.3589e-105	0.082914	0.0075319	4.941e-86	0.2991	5.1874e-127	0	0	0.0036929	0.0025939
1.7677e-19	0.090497	0.040582	0.02573	0.21586	0.00068695	0	1.6808e-82	2.0764e-49	1.0966e-85
9.2069e-198	0.31874	4.166e-82	3.0202e-27	0.088274	4.0664e-199	0	1.4361e-72	0.014111	0.014757
2.4022e-182	0.30107	1.6509e-73	5.9497e-25	0.15564	4.2645e-191	0	1.747e-67	1.2834e-43	0.013635
4.6574e-141	0.28047	4.7268e-07	0.082595	0.037105	1.6788e-67	0	3.4304e-14	3.5853e-51	7.7227e-29
0	0.34665	8.8151e-85	1.1934e-12	0.012199	1.8228e-236	0	2.6418e-59	1.2995e-68	1.1549e-06
