85	64
64	0
64	1
64	2
64	3
65	4
65	5
65	6
65	7
66	8
66	9
66	10
66	11
67	12
67	13
67	14
67	15
68	16
68	17
68	18
68	19
69	20
69	21
69	22
69	23
70	24
70	25
70	26
70	27
71	28
71	29
71	30
71	31
72	32
72	33
72	34
72	35
73	36
73	37
73	38
73	39
74	40
74	41
74	42
74	43
75	44
75	45
75	46
75	47
76	48
76	49
76	50
76	51
77	52
77	53
77	54
77	55
78	56
78	57
78	58
78	59
79	60
79	61
79	62
79	63
80	64
80	65
80	66
80	67
81	68
81	69
81	70
81	71
82	72
82	73
82	74
82	75
83	76
83	77
83	78
83	79
84	80
84	81
84	82
84	83
