3906	3750
3750	0
3750	1
3750	2
3750	3
3750	4
3750	5
3750	6
3750	7
3750	8
3750	9
3750	10
3750	11
3750	12
3750	13
3750	14
3750	15
3750	16
3750	17
3750	18
3750	19
3750	20
3750	21
3750	22
3750	23
3750	24
3750	25
3750	26
3750	27
3750	28
3750	29
3751	30
3751	31
3751	32
3751	33
3751	34
3751	35
3751	36
3751	37
3751	38
3751	39
3751	40
3751	41
3751	42
3751	43
3751	44
3751	45
3751	46
3751	47
3751	48
3751	49
3751	50
3751	51
3751	52
3751	53
3751	54
3751	55
3751	56
3751	57
3751	58
3751	59
3752	60
3752	61
3752	62
3752	63
3752	64
3752	65
3752	66
3752	67
3752	68
3752	69
3752	70
3752	71
3752	72
3752	73
3752	74
3752	75
3752	76
3752	77
3752	78
3752	79
3752	80
3752	81
3752	82
3752	83
3752	84
3752	85
3752	86
3752	87
3752	88
3752	89
3753	90
3753	91
3753	92
3753	93
3753	94
3753	95
3753	96
3753	97
3753	98
3753	99
3753	100
3753	101
3753	102
3753	103
3753	104
3753	105
3753	106
3753	107
3753	108
3753	109
3753	110
3753	111
3753	112
3753	113
3753	114
3753	115
3753	116
3753	117
3753	118
3753	119
3754	120
3754	121
3754	122
3754	123
3754	124
3754	125
3754	126
3754	127
3754	128
3754	129
3754	130
3754	131
3754	132
3754	133
3754	134
3754	135
3754	136
3754	137
3754	138
3754	139
3754	140
3754	141
3754	142
3754	143
3754	144
3754	145
3754	146
3754	147
3754	148
3754	149
3755	150
3755	151
3755	152
3755	153
3755	154
3755	155
3755	156
3755	157
3755	158
3755	159
3755	160
3755	161
3755	162
3755	163
3755	164
3755	165
3755	166
3755	167
3755	168
3755	169
3755	170
3755	171
3755	172
3755	173
3755	174
3755	175
3755	176
3755	177
3755	178
3755	179
3756	180
3756	181
3756	182
3756	183
3756	184
3756	185
3756	186
3756	187
3756	188
3756	189
3756	190
3756	191
3756	192
3756	193
3756	194
3756	195
3756	196
3756	197
3756	198
3756	199
3756	200
3756	201
3756	202
3756	203
3756	204
3756	205
3756	206
3756	207
3756	208
3756	209
3757	210
3757	211
3757	212
3757	213
3757	214
3757	215
3757	216
3757	217
3757	218
3757	219
3757	220
3757	221
3757	222
3757	223
3757	224
3757	225
3757	226
3757	227
3757	228
3757	229
3757	230
3757	231
3757	232
3757	233
3757	234
3757	235
3757	236
3757	237
3757	238
3757	239
3758	240
3758	241
3758	242
3758	243
3758	244
3758	245
3758	246
3758	247
3758	248
3758	249
3758	250
3758	251
3758	252
3758	253
3758	254
3758	255
3758	256
3758	257
3758	258
3758	259
3758	260
3758	261
3758	262
3758	263
3758	264
3758	265
3758	266
3758	267
3758	268
3758	269
3759	270
3759	271
3759	272
3759	273
3759	274
3759	275
3759	276
3759	277
3759	278
3759	279
3759	280
3759	281
3759	282
3759	283
3759	284
3759	285
3759	286
3759	287
3759	288
3759	289
3759	290
3759	291
3759	292
3759	293
3759	294
3759	295
3759	296
3759	297
3759	298
3759	299
3760	300
3760	301
3760	302
3760	303
3760	304
3760	305
3760	306
3760	307
3760	308
3760	309
3760	310
3760	311
3760	312
3760	313
3760	314
3760	315
3760	316
3760	317
3760	318
3760	319
3760	320
3760	321
3760	322
3760	323
3760	324
3760	325
3760	326
3760	327
3760	328
3760	329
3761	330
3761	331
3761	332
3761	333
3761	334
3761	335
3761	336
3761	337
3761	338
3761	339
3761	340
3761	341
3761	342
3761	343
3761	344
3761	345
3761	346
3761	347
3761	348
3761	349
3761	350
3761	351
3761	352
3761	353
3761	354
3761	355
3761	356
3761	357
3761	358
3761	359
3762	360
3762	361
3762	362
3762	363
3762	364
3762	365
3762	366
3762	367
3762	368
3762	369
3762	370
3762	371
3762	372
3762	373
3762	374
3762	375
3762	376
3762	377
3762	378
3762	379
3762	380
3762	381
3762	382
3762	383
3762	384
3762	385
3762	386
3762	387
3762	388
3762	389
3763	390
3763	391
3763	392
3763	393
3763	394
3763	395
3763	396
3763	397
3763	398
3763	399
3763	400
3763	401
3763	402
3763	403
3763	404
3763	405
3763	406
3763	407
3763	408
3763	409
3763	410
3763	411
3763	412
3763	413
3763	414
3763	415
3763	416
3763	417
3763	418
3763	419
3764	420
3764	421
3764	422
3764	423
3764	424
3764	425
3764	426
3764	427
3764	428
3764	429
3764	430
3764	431
3764	432
3764	433
3764	434
3764	435
3764	436
3764	437
3764	438
3764	439
3764	440
3764	441
3764	442
3764	443
3764	444
3764	445
3764	446
3764	447
3764	448
3764	449
3765	450
3765	451
3765	452
3765	453
3765	454
3765	455
3765	456
3765	457
3765	458
3765	459
3765	460
3765	461
3765	462
3765	463
3765	464
3765	465
3765	466
3765	467
3765	468
3765	469
3765	470
3765	471
3765	472
3765	473
3765	474
3765	475
3765	476
3765	477
3765	478
3765	479
3766	480
3766	481
3766	482
3766	483
3766	484
3766	485
3766	486
3766	487
3766	488
3766	489
3766	490
3766	491
3766	492
3766	493
3766	494
3766	495
3766	496
3766	497
3766	498
3766	499
3766	500
3766	501
3766	502
3766	503
3766	504
3766	505
3766	506
3766	507
3766	508
3766	509
3767	510
3767	511
3767	512
3767	513
3767	514
3767	515
3767	516
3767	517
3767	518
3767	519
3767	520
3767	521
3767	522
3767	523
3767	524
3767	525
3767	526
3767	527
3767	528
3767	529
3767	530
3767	531
3767	532
3767	533
3767	534
3767	535
3767	536
3767	537
3767	538
3767	539
3768	540
3768	541
3768	542
3768	543
3768	544
3768	545
3768	546
3768	547
3768	548
3768	549
3768	550
3768	551
3768	552
3768	553
3768	554
3768	555
3768	556
3768	557
3768	558
3768	559
3768	560
3768	561
3768	562
3768	563
3768	564
3768	565
3768	566
3768	567
3768	568
3768	569
3769	570
3769	571
3769	572
3769	573
3769	574
3769	575
3769	576
3769	577
3769	578
3769	579
3769	580
3769	581
3769	582
3769	583
3769	584
3769	585
3769	586
3769	587
3769	588
3769	589
3769	590
3769	591
3769	592
3769	593
3769	594
3769	595
3769	596
3769	597
3769	598
3769	599
3770	600
3770	601
3770	602
3770	603
3770	604
3770	605
3770	606
3770	607
3770	608
3770	609
3770	610
3770	611
3770	612
3770	613
3770	614
3770	615
3770	616
3770	617
3770	618
3770	619
3770	620
3770	621
3770	622
3770	623
3770	624
3770	625
3770	626
3770	627
3770	628
3770	629
3771	630
3771	631
3771	632
3771	633
3771	634
3771	635
3771	636
3771	637
3771	638
3771	639
3771	640
3771	641
3771	642
3771	643
3771	644
3771	645
3771	646
3771	647
3771	648
3771	649
3771	650
3771	651
3771	652
3771	653
3771	654
3771	655
3771	656
3771	657
3771	658
3771	659
3772	660
3772	661
3772	662
3772	663
3772	664
3772	665
3772	666
3772	667
3772	668
3772	669
3772	670
3772	671
3772	672
3772	673
3772	674
3772	675
3772	676
3772	677
3772	678
3772	679
3772	680
3772	681
3772	682
3772	683
3772	684
3772	685
3772	686
3772	687
3772	688
3772	689
3773	690
3773	691
3773	692
3773	693
3773	694
3773	695
3773	696
3773	697
3773	698
3773	699
3773	700
3773	701
3773	702
3773	703
3773	704
3773	705
3773	706
3773	707
3773	708
3773	709
3773	710
3773	711
3773	712
3773	713
3773	714
3773	715
3773	716
3773	717
3773	718
3773	719
3774	720
3774	721
3774	722
3774	723
3774	724
3774	725
3774	726
3774	727
3774	728
3774	729
3774	730
3774	731
3774	732
3774	733
3774	734
3774	735
3774	736
3774	737
3774	738
3774	739
3774	740
3774	741
3774	742
3774	743
3774	744
3774	745
3774	746
3774	747
3774	748
3774	749
3775	750
3775	751
3775	752
3775	753
3775	754
3775	755
3775	756
3775	757
3775	758
3775	759
3775	760
3775	761
3775	762
3775	763
3775	764
3775	765
3775	766
3775	767
3775	768
3775	769
3775	770
3775	771
3775	772
3775	773
3775	774
3775	775
3775	776
3775	777
3775	778
3775	779
3776	780
3776	781
3776	782
3776	783
3776	784
3776	785
3776	786
3776	787
3776	788
3776	789
3776	790
3776	791
3776	792
3776	793
3776	794
3776	795
3776	796
3776	797
3776	798
3776	799
3776	800
3776	801
3776	802
3776	803
3776	804
3776	805
3776	806
3776	807
3776	808
3776	809
3777	810
3777	811
3777	812
3777	813
3777	814
3777	815
3777	816
3777	817
3777	818
3777	819
3777	820
3777	821
3777	822
3777	823
3777	824
3777	825
3777	826
3777	827
3777	828
3777	829
3777	830
3777	831
3777	832
3777	833
3777	834
3777	835
3777	836
3777	837
3777	838
3777	839
3778	840
3778	841
3778	842
3778	843
3778	844
3778	845
3778	846
3778	847
3778	848
3778	849
3778	850
3778	851
3778	852
3778	853
3778	854
3778	855
3778	856
3778	857
3778	858
3778	859
3778	860
3778	861
3778	862
3778	863
3778	864
3778	865
3778	866
3778	867
3778	868
3778	869
3779	870
3779	871
3779	872
3779	873
3779	874
3779	875
3779	876
3779	877
3779	878
3779	879
3779	880
3779	881
3779	882
3779	883
3779	884
3779	885
3779	886
3779	887
3779	888
3779	889
3779	890
3779	891
3779	892
3779	893
3779	894
3779	895
3779	896
3779	897
3779	898
3779	899
3780	900
3780	901
3780	902
3780	903
3780	904
3780	905
3780	906
3780	907
3780	908
3780	909
3780	910
3780	911
3780	912
3780	913
3780	914
3780	915
3780	916
3780	917
3780	918
3780	919
3780	920
3780	921
3780	922
3780	923
3780	924
3780	925
3780	926
3780	927
3780	928
3780	929
3781	930
3781	931
3781	932
3781	933
3781	934
3781	935
3781	936
3781	937
3781	938
3781	939
3781	940
3781	941
3781	942
3781	943
3781	944
3781	945
3781	946
3781	947
3781	948
3781	949
3781	950
3781	951
3781	952
3781	953
3781	954
3781	955
3781	956
3781	957
3781	958
3781	959
3782	960
3782	961
3782	962
3782	963
3782	964
3782	965
3782	966
3782	967
3782	968
3782	969
3782	970
3782	971
3782	972
3782	973
3782	974
3782	975
3782	976
3782	977
3782	978
3782	979
3782	980
3782	981
3782	982
3782	983
3782	984
3782	985
3782	986
3782	987
3782	988
3782	989
3783	990
3783	991
3783	992
3783	993
3783	994
3783	995
3783	996
3783	997
3783	998
3783	999
3783	1000
3783	1001
3783	1002
3783	1003
3783	1004
3783	1005
3783	1006
3783	1007
3783	1008
3783	1009
3783	1010
3783	1011
3783	1012
3783	1013
3783	1014
3783	1015
3783	1016
3783	1017
3783	1018
3783	1019
3784	1020
3784	1021
3784	1022
3784	1023
3784	1024
3784	1025
3784	1026
3784	1027
3784	1028
3784	1029
3784	1030
3784	1031
3784	1032
3784	1033
3784	1034
3784	1035
3784	1036
3784	1037
3784	1038
3784	1039
3784	1040
3784	1041
3784	1042
3784	1043
3784	1044
3784	1045
3784	1046
3784	1047
3784	1048
3784	1049
3785	1050
3785	1051
3785	1052
3785	1053
3785	1054
3785	1055
3785	1056
3785	1057
3785	1058
3785	1059
3785	1060
3785	1061
3785	1062
3785	1063
3785	1064
3785	1065
3785	1066
3785	1067
3785	1068
3785	1069
3785	1070
3785	1071
3785	1072
3785	1073
3785	1074
3785	1075
3785	1076
3785	1077
3785	1078
3785	1079
3786	1080
3786	1081
3786	1082
3786	1083
3786	1084
3786	1085
3786	1086
3786	1087
3786	1088
3786	1089
3786	1090
3786	1091
3786	1092
3786	1093
3786	1094
3786	1095
3786	1096
3786	1097
3786	1098
3786	1099
3786	1100
3786	1101
3786	1102
3786	1103
3786	1104
3786	1105
3786	1106
3786	1107
3786	1108
3786	1109
3787	1110
3787	1111
3787	1112
3787	1113
3787	1114
3787	1115
3787	1116
3787	1117
3787	1118
3787	1119
3787	1120
3787	1121
3787	1122
3787	1123
3787	1124
3787	1125
3787	1126
3787	1127
3787	1128
3787	1129
3787	1130
3787	1131
3787	1132
3787	1133
3787	1134
3787	1135
3787	1136
3787	1137
3787	1138
3787	1139
3788	1140
3788	1141
3788	1142
3788	1143
3788	1144
3788	1145
3788	1146
3788	1147
3788	1148
3788	1149
3788	1150
3788	1151
3788	1152
3788	1153
3788	1154
3788	1155
3788	1156
3788	1157
3788	1158
3788	1159
3788	1160
3788	1161
3788	1162
3788	1163
3788	1164
3788	1165
3788	1166
3788	1167
3788	1168
3788	1169
3789	1170
3789	1171
3789	1172
3789	1173
3789	1174
3789	1175
3789	1176
3789	1177
3789	1178
3789	1179
3789	1180
3789	1181
3789	1182
3789	1183
3789	1184
3789	1185
3789	1186
3789	1187
3789	1188
3789	1189
3789	1190
3789	1191
3789	1192
3789	1193
3789	1194
3789	1195
3789	1196
3789	1197
3789	1198
3789	1199
3790	1200
3790	1201
3790	1202
3790	1203
3790	1204
3790	1205
3790	1206
3790	1207
3790	1208
3790	1209
3790	1210
3790	1211
3790	1212
3790	1213
3790	1214
3790	1215
3790	1216
3790	1217
3790	1218
3790	1219
3790	1220
3790	1221
3790	1222
3790	1223
3790	1224
3790	1225
3790	1226
3790	1227
3790	1228
3790	1229
3791	1230
3791	1231
3791	1232
3791	1233
3791	1234
3791	1235
3791	1236
3791	1237
3791	1238
3791	1239
3791	1240
3791	1241
3791	1242
3791	1243
3791	1244
3791	1245
3791	1246
3791	1247
3791	1248
3791	1249
3791	1250
3791	1251
3791	1252
3791	1253
3791	1254
3791	1255
3791	1256
3791	1257
3791	1258
3791	1259
3792	1260
3792	1261
3792	1262
3792	1263
3792	1264
3792	1265
3792	1266
3792	1267
3792	1268
3792	1269
3792	1270
3792	1271
3792	1272
3792	1273
3792	1274
3792	1275
3792	1276
3792	1277
3792	1278
3792	1279
3792	1280
3792	1281
3792	1282
3792	1283
3792	1284
3792	1285
3792	1286
3792	1287
3792	1288
3792	1289
3793	1290
3793	1291
3793	1292
3793	1293
3793	1294
3793	1295
3793	1296
3793	1297
3793	1298
3793	1299
3793	1300
3793	1301
3793	1302
3793	1303
3793	1304
3793	1305
3793	1306
3793	1307
3793	1308
3793	1309
3793	1310
3793	1311
3793	1312
3793	1313
3793	1314
3793	1315
3793	1316
3793	1317
3793	1318
3793	1319
3794	1320
3794	1321
3794	1322
3794	1323
3794	1324
3794	1325
3794	1326
3794	1327
3794	1328
3794	1329
3794	1330
3794	1331
3794	1332
3794	1333
3794	1334
3794	1335
3794	1336
3794	1337
3794	1338
3794	1339
3794	1340
3794	1341
3794	1342
3794	1343
3794	1344
3794	1345
3794	1346
3794	1347
3794	1348
3794	1349
3795	1350
3795	1351
3795	1352
3795	1353
3795	1354
3795	1355
3795	1356
3795	1357
3795	1358
3795	1359
3795	1360
3795	1361
3795	1362
3795	1363
3795	1364
3795	1365
3795	1366
3795	1367
3795	1368
3795	1369
3795	1370
3795	1371
3795	1372
3795	1373
3795	1374
3795	1375
3795	1376
3795	1377
3795	1378
3795	1379
3796	1380
3796	1381
3796	1382
3796	1383
3796	1384
3796	1385
3796	1386
3796	1387
3796	1388
3796	1389
3796	1390
3796	1391
3796	1392
3796	1393
3796	1394
3796	1395
3796	1396
3796	1397
3796	1398
3796	1399
3796	1400
3796	1401
3796	1402
3796	1403
3796	1404
3796	1405
3796	1406
3796	1407
3796	1408
3796	1409
3797	1410
3797	1411
3797	1412
3797	1413
3797	1414
3797	1415
3797	1416
3797	1417
3797	1418
3797	1419
3797	1420
3797	1421
3797	1422
3797	1423
3797	1424
3797	1425
3797	1426
3797	1427
3797	1428
3797	1429
3797	1430
3797	1431
3797	1432
3797	1433
3797	1434
3797	1435
3797	1436
3797	1437
3797	1438
3797	1439
3798	1440
3798	1441
3798	1442
3798	1443
3798	1444
3798	1445
3798	1446
3798	1447
3798	1448
3798	1449
3798	1450
3798	1451
3798	1452
3798	1453
3798	1454
3798	1455
3798	1456
3798	1457
3798	1458
3798	1459
3798	1460
3798	1461
3798	1462
3798	1463
3798	1464
3798	1465
3798	1466
3798	1467
3798	1468
3798	1469
3799	1470
3799	1471
3799	1472
3799	1473
3799	1474
3799	1475
3799	1476
3799	1477
3799	1478
3799	1479
3799	1480
3799	1481
3799	1482
3799	1483
3799	1484
3799	1485
3799	1486
3799	1487
3799	1488
3799	1489
3799	1490
3799	1491
3799	1492
3799	1493
3799	1494
3799	1495
3799	1496
3799	1497
3799	1498
3799	1499
3800	1500
3800	1501
3800	1502
3800	1503
3800	1504
3800	1505
3800	1506
3800	1507
3800	1508
3800	1509
3800	1510
3800	1511
3800	1512
3800	1513
3800	1514
3800	1515
3800	1516
3800	1517
3800	1518
3800	1519
3800	1520
3800	1521
3800	1522
3800	1523
3800	1524
3800	1525
3800	1526
3800	1527
3800	1528
3800	1529
3801	1530
3801	1531
3801	1532
3801	1533
3801	1534
3801	1535
3801	1536
3801	1537
3801	1538
3801	1539
3801	1540
3801	1541
3801	1542
3801	1543
3801	1544
3801	1545
3801	1546
3801	1547
3801	1548
3801	1549
3801	1550
3801	1551
3801	1552
3801	1553
3801	1554
3801	1555
3801	1556
3801	1557
3801	1558
3801	1559
3802	1560
3802	1561
3802	1562
3802	1563
3802	1564
3802	1565
3802	1566
3802	1567
3802	1568
3802	1569
3802	1570
3802	1571
3802	1572
3802	1573
3802	1574
3802	1575
3802	1576
3802	1577
3802	1578
3802	1579
3802	1580
3802	1581
3802	1582
3802	1583
3802	1584
3802	1585
3802	1586
3802	1587
3802	1588
3802	1589
3803	1590
3803	1591
3803	1592
3803	1593
3803	1594
3803	1595
3803	1596
3803	1597
3803	1598
3803	1599
3803	1600
3803	1601
3803	1602
3803	1603
3803	1604
3803	1605
3803	1606
3803	1607
3803	1608
3803	1609
3803	1610
3803	1611
3803	1612
3803	1613
3803	1614
3803	1615
3803	1616
3803	1617
3803	1618
3803	1619
3804	1620
3804	1621
3804	1622
3804	1623
3804	1624
3804	1625
3804	1626
3804	1627
3804	1628
3804	1629
3804	1630
3804	1631
3804	1632
3804	1633
3804	1634
3804	1635
3804	1636
3804	1637
3804	1638
3804	1639
3804	1640
3804	1641
3804	1642
3804	1643
3804	1644
3804	1645
3804	1646
3804	1647
3804	1648
3804	1649
3805	1650
3805	1651
3805	1652
3805	1653
3805	1654
3805	1655
3805	1656
3805	1657
3805	1658
3805	1659
3805	1660
3805	1661
3805	1662
3805	1663
3805	1664
3805	1665
3805	1666
3805	1667
3805	1668
3805	1669
3805	1670
3805	1671
3805	1672
3805	1673
3805	1674
3805	1675
3805	1676
3805	1677
3805	1678
3805	1679
3806	1680
3806	1681
3806	1682
3806	1683
3806	1684
3806	1685
3806	1686
3806	1687
3806	1688
3806	1689
3806	1690
3806	1691
3806	1692
3806	1693
3806	1694
3806	1695
3806	1696
3806	1697
3806	1698
3806	1699
3806	1700
3806	1701
3806	1702
3806	1703
3806	1704
3806	1705
3806	1706
3806	1707
3806	1708
3806	1709
3807	1710
3807	1711
3807	1712
3807	1713
3807	1714
3807	1715
3807	1716
3807	1717
3807	1718
3807	1719
3807	1720
3807	1721
3807	1722
3807	1723
3807	1724
3807	1725
3807	1726
3807	1727
3807	1728
3807	1729
3807	1730
3807	1731
3807	1732
3807	1733
3807	1734
3807	1735
3807	1736
3807	1737
3807	1738
3807	1739
3808	1740
3808	1741
3808	1742
3808	1743
3808	1744
3808	1745
3808	1746
3808	1747
3808	1748
3808	1749
3808	1750
3808	1751
3808	1752
3808	1753
3808	1754
3808	1755
3808	1756
3808	1757
3808	1758
3808	1759
3808	1760
3808	1761
3808	1762
3808	1763
3808	1764
3808	1765
3808	1766
3808	1767
3808	1768
3808	1769
3809	1770
3809	1771
3809	1772
3809	1773
3809	1774
3809	1775
3809	1776
3809	1777
3809	1778
3809	1779
3809	1780
3809	1781
3809	1782
3809	1783
3809	1784
3809	1785
3809	1786
3809	1787
3809	1788
3809	1789
3809	1790
3809	1791
3809	1792
3809	1793
3809	1794
3809	1795
3809	1796
3809	1797
3809	1798
3809	1799
3810	1800
3810	1801
3810	1802
3810	1803
3810	1804
3810	1805
3810	1806
3810	1807
3810	1808
3810	1809
3810	1810
3810	1811
3810	1812
3810	1813
3810	1814
3810	1815
3810	1816
3810	1817
3810	1818
3810	1819
3810	1820
3810	1821
3810	1822
3810	1823
3810	1824
3810	1825
3810	1826
3810	1827
3810	1828
3810	1829
3811	1830
3811	1831
3811	1832
3811	1833
3811	1834
3811	1835
3811	1836
3811	1837
3811	1838
3811	1839
3811	1840
3811	1841
3811	1842
3811	1843
3811	1844
3811	1845
3811	1846
3811	1847
3811	1848
3811	1849
3811	1850
3811	1851
3811	1852
3811	1853
3811	1854
3811	1855
3811	1856
3811	1857
3811	1858
3811	1859
3812	1860
3812	1861
3812	1862
3812	1863
3812	1864
3812	1865
3812	1866
3812	1867
3812	1868
3812	1869
3812	1870
3812	1871
3812	1872
3812	1873
3812	1874
3812	1875
3812	1876
3812	1877
3812	1878
3812	1879
3812	1880
3812	1881
3812	1882
3812	1883
3812	1884
3812	1885
3812	1886
3812	1887
3812	1888
3812	1889
3813	1890
3813	1891
3813	1892
3813	1893
3813	1894
3813	1895
3813	1896
3813	1897
3813	1898
3813	1899
3813	1900
3813	1901
3813	1902
3813	1903
3813	1904
3813	1905
3813	1906
3813	1907
3813	1908
3813	1909
3813	1910
3813	1911
3813	1912
3813	1913
3813	1914
3813	1915
3813	1916
3813	1917
3813	1918
3813	1919
3814	1920
3814	1921
3814	1922
3814	1923
3814	1924
3814	1925
3814	1926
3814	1927
3814	1928
3814	1929
3814	1930
3814	1931
3814	1932
3814	1933
3814	1934
3814	1935
3814	1936
3814	1937
3814	1938
3814	1939
3814	1940
3814	1941
3814	1942
3814	1943
3814	1944
3814	1945
3814	1946
3814	1947
3814	1948
3814	1949
3815	1950
3815	1951
3815	1952
3815	1953
3815	1954
3815	1955
3815	1956
3815	1957
3815	1958
3815	1959
3815	1960
3815	1961
3815	1962
3815	1963
3815	1964
3815	1965
3815	1966
3815	1967
3815	1968
3815	1969
3815	1970
3815	1971
3815	1972
3815	1973
3815	1974
3815	1975
3815	1976
3815	1977
3815	1978
3815	1979
3816	1980
3816	1981
3816	1982
3816	1983
3816	1984
3816	1985
3816	1986
3816	1987
3816	1988
3816	1989
3816	1990
3816	1991
3816	1992
3816	1993
3816	1994
3816	1995
3816	1996
3816	1997
3816	1998
3816	1999
3816	2000
3816	2001
3816	2002
3816	2003
3816	2004
3816	2005
3816	2006
3816	2007
3816	2008
3816	2009
3817	2010
3817	2011
3817	2012
3817	2013
3817	2014
3817	2015
3817	2016
3817	2017
3817	2018
3817	2019
3817	2020
3817	2021
3817	2022
3817	2023
3817	2024
3817	2025
3817	2026
3817	2027
3817	2028
3817	2029
3817	2030
3817	2031
3817	2032
3817	2033
3817	2034
3817	2035
3817	2036
3817	2037
3817	2038
3817	2039
3818	2040
3818	2041
3818	2042
3818	2043
3818	2044
3818	2045
3818	2046
3818	2047
3818	2048
3818	2049
3818	2050
3818	2051
3818	2052
3818	2053
3818	2054
3818	2055
3818	2056
3818	2057
3818	2058
3818	2059
3818	2060
3818	2061
3818	2062
3818	2063
3818	2064
3818	2065
3818	2066
3818	2067
3818	2068
3818	2069
3819	2070
3819	2071
3819	2072
3819	2073
3819	2074
3819	2075
3819	2076
3819	2077
3819	2078
3819	2079
3819	2080
3819	2081
3819	2082
3819	2083
3819	2084
3819	2085
3819	2086
3819	2087
3819	2088
3819	2089
3819	2090
3819	2091
3819	2092
3819	2093
3819	2094
3819	2095
3819	2096
3819	2097
3819	2098
3819	2099
3820	2100
3820	2101
3820	2102
3820	2103
3820	2104
3820	2105
3820	2106
3820	2107
3820	2108
3820	2109
3820	2110
3820	2111
3820	2112
3820	2113
3820	2114
3820	2115
3820	2116
3820	2117
3820	2118
3820	2119
3820	2120
3820	2121
3820	2122
3820	2123
3820	2124
3820	2125
3820	2126
3820	2127
3820	2128
3820	2129
3821	2130
3821	2131
3821	2132
3821	2133
3821	2134
3821	2135
3821	2136
3821	2137
3821	2138
3821	2139
3821	2140
3821	2141
3821	2142
3821	2143
3821	2144
3821	2145
3821	2146
3821	2147
3821	2148
3821	2149
3821	2150
3821	2151
3821	2152
3821	2153
3821	2154
3821	2155
3821	2156
3821	2157
3821	2158
3821	2159
3822	2160
3822	2161
3822	2162
3822	2163
3822	2164
3822	2165
3822	2166
3822	2167
3822	2168
3822	2169
3822	2170
3822	2171
3822	2172
3822	2173
3822	2174
3822	2175
3822	2176
3822	2177
3822	2178
3822	2179
3822	2180
3822	2181
3822	2182
3822	2183
3822	2184
3822	2185
3822	2186
3822	2187
3822	2188
3822	2189
3823	2190
3823	2191
3823	2192
3823	2193
3823	2194
3823	2195
3823	2196
3823	2197
3823	2198
3823	2199
3823	2200
3823	2201
3823	2202
3823	2203
3823	2204
3823	2205
3823	2206
3823	2207
3823	2208
3823	2209
3823	2210
3823	2211
3823	2212
3823	2213
3823	2214
3823	2215
3823	2216
3823	2217
3823	2218
3823	2219
3824	2220
3824	2221
3824	2222
3824	2223
3824	2224
3824	2225
3824	2226
3824	2227
3824	2228
3824	2229
3824	2230
3824	2231
3824	2232
3824	2233
3824	2234
3824	2235
3824	2236
3824	2237
3824	2238
3824	2239
3824	2240
3824	2241
3824	2242
3824	2243
3824	2244
3824	2245
3824	2246
3824	2247
3824	2248
3824	2249
3825	2250
3825	2251
3825	2252
3825	2253
3825	2254
3825	2255
3825	2256
3825	2257
3825	2258
3825	2259
3825	2260
3825	2261
3825	2262
3825	2263
3825	2264
3825	2265
3825	2266
3825	2267
3825	2268
3825	2269
3825	2270
3825	2271
3825	2272
3825	2273
3825	2274
3825	2275
3825	2276
3825	2277
3825	2278
3825	2279
3826	2280
3826	2281
3826	2282
3826	2283
3826	2284
3826	2285
3826	2286
3826	2287
3826	2288
3826	2289
3826	2290
3826	2291
3826	2292
3826	2293
3826	2294
3826	2295
3826	2296
3826	2297
3826	2298
3826	2299
3826	2300
3826	2301
3826	2302
3826	2303
3826	2304
3826	2305
3826	2306
3826	2307
3826	2308
3826	2309
3827	2310
3827	2311
3827	2312
3827	2313
3827	2314
3827	2315
3827	2316
3827	2317
3827	2318
3827	2319
3827	2320
3827	2321
3827	2322
3827	2323
3827	2324
3827	2325
3827	2326
3827	2327
3827	2328
3827	2329
3827	2330
3827	2331
3827	2332
3827	2333
3827	2334
3827	2335
3827	2336
3827	2337
3827	2338
3827	2339
3828	2340
3828	2341
3828	2342
3828	2343
3828	2344
3828	2345
3828	2346
3828	2347
3828	2348
3828	2349
3828	2350
3828	2351
3828	2352
3828	2353
3828	2354
3828	2355
3828	2356
3828	2357
3828	2358
3828	2359
3828	2360
3828	2361
3828	2362
3828	2363
3828	2364
3828	2365
3828	2366
3828	2367
3828	2368
3828	2369
3829	2370
3829	2371
3829	2372
3829	2373
3829	2374
3829	2375
3829	2376
3829	2377
3829	2378
3829	2379
3829	2380
3829	2381
3829	2382
3829	2383
3829	2384
3829	2385
3829	2386
3829	2387
3829	2388
3829	2389
3829	2390
3829	2391
3829	2392
3829	2393
3829	2394
3829	2395
3829	2396
3829	2397
3829	2398
3829	2399
3830	2400
3830	2401
3830	2402
3830	2403
3830	2404
3830	2405
3830	2406
3830	2407
3830	2408
3830	2409
3830	2410
3830	2411
3830	2412
3830	2413
3830	2414
3830	2415
3830	2416
3830	2417
3830	2418
3830	2419
3830	2420
3830	2421
3830	2422
3830	2423
3830	2424
3830	2425
3830	2426
3830	2427
3830	2428
3830	2429
3831	2430
3831	2431
3831	2432
3831	2433
3831	2434
3831	2435
3831	2436
3831	2437
3831	2438
3831	2439
3831	2440
3831	2441
3831	2442
3831	2443
3831	2444
3831	2445
3831	2446
3831	2447
3831	2448
3831	2449
3831	2450
3831	2451
3831	2452
3831	2453
3831	2454
3831	2455
3831	2456
3831	2457
3831	2458
3831	2459
3832	2460
3832	2461
3832	2462
3832	2463
3832	2464
3832	2465
3832	2466
3832	2467
3832	2468
3832	2469
3832	2470
3832	2471
3832	2472
3832	2473
3832	2474
3832	2475
3832	2476
3832	2477
3832	2478
3832	2479
3832	2480
3832	2481
3832	2482
3832	2483
3832	2484
3832	2485
3832	2486
3832	2487
3832	2488
3832	2489
3833	2490
3833	2491
3833	2492
3833	2493
3833	2494
3833	2495
3833	2496
3833	2497
3833	2498
3833	2499
3833	2500
3833	2501
3833	2502
3833	2503
3833	2504
3833	2505
3833	2506
3833	2507
3833	2508
3833	2509
3833	2510
3833	2511
3833	2512
3833	2513
3833	2514
3833	2515
3833	2516
3833	2517
3833	2518
3833	2519
3834	2520
3834	2521
3834	2522
3834	2523
3834	2524
3834	2525
3834	2526
3834	2527
3834	2528
3834	2529
3834	2530
3834	2531
3834	2532
3834	2533
3834	2534
3834	2535
3834	2536
3834	2537
3834	2538
3834	2539
3834	2540
3834	2541
3834	2542
3834	2543
3834	2544
3834	2545
3834	2546
3834	2547
3834	2548
3834	2549
3835	2550
3835	2551
3835	2552
3835	2553
3835	2554
3835	2555
3835	2556
3835	2557
3835	2558
3835	2559
3835	2560
3835	2561
3835	2562
3835	2563
3835	2564
3835	2565
3835	2566
3835	2567
3835	2568
3835	2569
3835	2570
3835	2571
3835	2572
3835	2573
3835	2574
3835	2575
3835	2576
3835	2577
3835	2578
3835	2579
3836	2580
3836	2581
3836	2582
3836	2583
3836	2584
3836	2585
3836	2586
3836	2587
3836	2588
3836	2589
3836	2590
3836	2591
3836	2592
3836	2593
3836	2594
3836	2595
3836	2596
3836	2597
3836	2598
3836	2599
3836	2600
3836	2601
3836	2602
3836	2603
3836	2604
3836	2605
3836	2606
3836	2607
3836	2608
3836	2609
3837	2610
3837	2611
3837	2612
3837	2613
3837	2614
3837	2615
3837	2616
3837	2617
3837	2618
3837	2619
3837	2620
3837	2621
3837	2622
3837	2623
3837	2624
3837	2625
3837	2626
3837	2627
3837	2628
3837	2629
3837	2630
3837	2631
3837	2632
3837	2633
3837	2634
3837	2635
3837	2636
3837	2637
3837	2638
3837	2639
3838	2640
3838	2641
3838	2642
3838	2643
3838	2644
3838	2645
3838	2646
3838	2647
3838	2648
3838	2649
3838	2650
3838	2651
3838	2652
3838	2653
3838	2654
3838	2655
3838	2656
3838	2657
3838	2658
3838	2659
3838	2660
3838	2661
3838	2662
3838	2663
3838	2664
3838	2665
3838	2666
3838	2667
3838	2668
3838	2669
3839	2670
3839	2671
3839	2672
3839	2673
3839	2674
3839	2675
3839	2676
3839	2677
3839	2678
3839	2679
3839	2680
3839	2681
3839	2682
3839	2683
3839	2684
3839	2685
3839	2686
3839	2687
3839	2688
3839	2689
3839	2690
3839	2691
3839	2692
3839	2693
3839	2694
3839	2695
3839	2696
3839	2697
3839	2698
3839	2699
3840	2700
3840	2701
3840	2702
3840	2703
3840	2704
3840	2705
3840	2706
3840	2707
3840	2708
3840	2709
3840	2710
3840	2711
3840	2712
3840	2713
3840	2714
3840	2715
3840	2716
3840	2717
3840	2718
3840	2719
3840	2720
3840	2721
3840	2722
3840	2723
3840	2724
3840	2725
3840	2726
3840	2727
3840	2728
3840	2729
3841	2730
3841	2731
3841	2732
3841	2733
3841	2734
3841	2735
3841	2736
3841	2737
3841	2738
3841	2739
3841	2740
3841	2741
3841	2742
3841	2743
3841	2744
3841	2745
3841	2746
3841	2747
3841	2748
3841	2749
3841	2750
3841	2751
3841	2752
3841	2753
3841	2754
3841	2755
3841	2756
3841	2757
3841	2758
3841	2759
3842	2760
3842	2761
3842	2762
3842	2763
3842	2764
3842	2765
3842	2766
3842	2767
3842	2768
3842	2769
3842	2770
3842	2771
3842	2772
3842	2773
3842	2774
3842	2775
3842	2776
3842	2777
3842	2778
3842	2779
3842	2780
3842	2781
3842	2782
3842	2783
3842	2784
3842	2785
3842	2786
3842	2787
3842	2788
3842	2789
3843	2790
3843	2791
3843	2792
3843	2793
3843	2794
3843	2795
3843	2796
3843	2797
3843	2798
3843	2799
3843	2800
3843	2801
3843	2802
3843	2803
3843	2804
3843	2805
3843	2806
3843	2807
3843	2808
3843	2809
3843	2810
3843	2811
3843	2812
3843	2813
3843	2814
3843	2815
3843	2816
3843	2817
3843	2818
3843	2819
3844	2820
3844	2821
3844	2822
3844	2823
3844	2824
3844	2825
3844	2826
3844	2827
3844	2828
3844	2829
3844	2830
3844	2831
3844	2832
3844	2833
3844	2834
3844	2835
3844	2836
3844	2837
3844	2838
3844	2839
3844	2840
3844	2841
3844	2842
3844	2843
3844	2844
3844	2845
3844	2846
3844	2847
3844	2848
3844	2849
3845	2850
3845	2851
3845	2852
3845	2853
3845	2854
3845	2855
3845	2856
3845	2857
3845	2858
3845	2859
3845	2860
3845	2861
3845	2862
3845	2863
3845	2864
3845	2865
3845	2866
3845	2867
3845	2868
3845	2869
3845	2870
3845	2871
3845	2872
3845	2873
3845	2874
3845	2875
3845	2876
3845	2877
3845	2878
3845	2879
3846	2880
3846	2881
3846	2882
3846	2883
3846	2884
3846	2885
3846	2886
3846	2887
3846	2888
3846	2889
3846	2890
3846	2891
3846	2892
3846	2893
3846	2894
3846	2895
3846	2896
3846	2897
3846	2898
3846	2899
3846	2900
3846	2901
3846	2902
3846	2903
3846	2904
3846	2905
3846	2906
3846	2907
3846	2908
3846	2909
3847	2910
3847	2911
3847	2912
3847	2913
3847	2914
3847	2915
3847	2916
3847	2917
3847	2918
3847	2919
3847	2920
3847	2921
3847	2922
3847	2923
3847	2924
3847	2925
3847	2926
3847	2927
3847	2928
3847	2929
3847	2930
3847	2931
3847	2932
3847	2933
3847	2934
3847	2935
3847	2936
3847	2937
3847	2938
3847	2939
3848	2940
3848	2941
3848	2942
3848	2943
3848	2944
3848	2945
3848	2946
3848	2947
3848	2948
3848	2949
3848	2950
3848	2951
3848	2952
3848	2953
3848	2954
3848	2955
3848	2956
3848	2957
3848	2958
3848	2959
3848	2960
3848	2961
3848	2962
3848	2963
3848	2964
3848	2965
3848	2966
3848	2967
3848	2968
3848	2969
3849	2970
3849	2971
3849	2972
3849	2973
3849	2974
3849	2975
3849	2976
3849	2977
3849	2978
3849	2979
3849	2980
3849	2981
3849	2982
3849	2983
3849	2984
3849	2985
3849	2986
3849	2987
3849	2988
3849	2989
3849	2990
3849	2991
3849	2992
3849	2993
3849	2994
3849	2995
3849	2996
3849	2997
3849	2998
3849	2999
3850	3000
3850	3001
3850	3002
3850	3003
3850	3004
3850	3005
3850	3006
3850	3007
3850	3008
3850	3009
3850	3010
3850	3011
3850	3012
3850	3013
3850	3014
3850	3015
3850	3016
3850	3017
3850	3018
3850	3019
3850	3020
3850	3021
3850	3022
3850	3023
3850	3024
3850	3025
3850	3026
3850	3027
3850	3028
3850	3029
3851	3030
3851	3031
3851	3032
3851	3033
3851	3034
3851	3035
3851	3036
3851	3037
3851	3038
3851	3039
3851	3040
3851	3041
3851	3042
3851	3043
3851	3044
3851	3045
3851	3046
3851	3047
3851	3048
3851	3049
3851	3050
3851	3051
3851	3052
3851	3053
3851	3054
3851	3055
3851	3056
3851	3057
3851	3058
3851	3059
3852	3060
3852	3061
3852	3062
3852	3063
3852	3064
3852	3065
3852	3066
3852	3067
3852	3068
3852	3069
3852	3070
3852	3071
3852	3072
3852	3073
3852	3074
3852	3075
3852	3076
3852	3077
3852	3078
3852	3079
3852	3080
3852	3081
3852	3082
3852	3083
3852	3084
3852	3085
3852	3086
3852	3087
3852	3088
3852	3089
3853	3090
3853	3091
3853	3092
3853	3093
3853	3094
3853	3095
3853	3096
3853	3097
3853	3098
3853	3099
3853	3100
3853	3101
3853	3102
3853	3103
3853	3104
3853	3105
3853	3106
3853	3107
3853	3108
3853	3109
3853	3110
3853	3111
3853	3112
3853	3113
3853	3114
3853	3115
3853	3116
3853	3117
3853	3118
3853	3119
3854	3120
3854	3121
3854	3122
3854	3123
3854	3124
3854	3125
3854	3126
3854	3127
3854	3128
3854	3129
3854	3130
3854	3131
3854	3132
3854	3133
3854	3134
3854	3135
3854	3136
3854	3137
3854	3138
3854	3139
3854	3140
3854	3141
3854	3142
3854	3143
3854	3144
3854	3145
3854	3146
3854	3147
3854	3148
3854	3149
3855	3150
3855	3151
3855	3152
3855	3153
3855	3154
3855	3155
3855	3156
3855	3157
3855	3158
3855	3159
3855	3160
3855	3161
3855	3162
3855	3163
3855	3164
3855	3165
3855	3166
3855	3167
3855	3168
3855	3169
3855	3170
3855	3171
3855	3172
3855	3173
3855	3174
3855	3175
3855	3176
3855	3177
3855	3178
3855	3179
3856	3180
3856	3181
3856	3182
3856	3183
3856	3184
3856	3185
3856	3186
3856	3187
3856	3188
3856	3189
3856	3190
3856	3191
3856	3192
3856	3193
3856	3194
3856	3195
3856	3196
3856	3197
3856	3198
3856	3199
3856	3200
3856	3201
3856	3202
3856	3203
3856	3204
3856	3205
3856	3206
3856	3207
3856	3208
3856	3209
3857	3210
3857	3211
3857	3212
3857	3213
3857	3214
3857	3215
3857	3216
3857	3217
3857	3218
3857	3219
3857	3220
3857	3221
3857	3222
3857	3223
3857	3224
3857	3225
3857	3226
3857	3227
3857	3228
3857	3229
3857	3230
3857	3231
3857	3232
3857	3233
3857	3234
3857	3235
3857	3236
3857	3237
3857	3238
3857	3239
3858	3240
3858	3241
3858	3242
3858	3243
3858	3244
3858	3245
3858	3246
3858	3247
3858	3248
3858	3249
3858	3250
3858	3251
3858	3252
3858	3253
3858	3254
3858	3255
3858	3256
3858	3257
3858	3258
3858	3259
3858	3260
3858	3261
3858	3262
3858	3263
3858	3264
3858	3265
3858	3266
3858	3267
3858	3268
3858	3269
3859	3270
3859	3271
3859	3272
3859	3273
3859	3274
3859	3275
3859	3276
3859	3277
3859	3278
3859	3279
3859	3280
3859	3281
3859	3282
3859	3283
3859	3284
3859	3285
3859	3286
3859	3287
3859	3288
3859	3289
3859	3290
3859	3291
3859	3292
3859	3293
3859	3294
3859	3295
3859	3296
3859	3297
3859	3298
3859	3299
3860	3300
3860	3301
3860	3302
3860	3303
3860	3304
3860	3305
3860	3306
3860	3307
3860	3308
3860	3309
3860	3310
3860	3311
3860	3312
3860	3313
3860	3314
3860	3315
3860	3316
3860	3317
3860	3318
3860	3319
3860	3320
3860	3321
3860	3322
3860	3323
3860	3324
3860	3325
3860	3326
3860	3327
3860	3328
3860	3329
3861	3330
3861	3331
3861	3332
3861	3333
3861	3334
3861	3335
3861	3336
3861	3337
3861	3338
3861	3339
3861	3340
3861	3341
3861	3342
3861	3343
3861	3344
3861	3345
3861	3346
3861	3347
3861	3348
3861	3349
3861	3350
3861	3351
3861	3352
3861	3353
3861	3354
3861	3355
3861	3356
3861	3357
3861	3358
3861	3359
3862	3360
3862	3361
3862	3362
3862	3363
3862	3364
3862	3365
3862	3366
3862	3367
3862	3368
3862	3369
3862	3370
3862	3371
3862	3372
3862	3373
3862	3374
3862	3375
3862	3376
3862	3377
3862	3378
3862	3379
3862	3380
3862	3381
3862	3382
3862	3383
3862	3384
3862	3385
3862	3386
3862	3387
3862	3388
3862	3389
3863	3390
3863	3391
3863	3392
3863	3393
3863	3394
3863	3395
3863	3396
3863	3397
3863	3398
3863	3399
3863	3400
3863	3401
3863	3402
3863	3403
3863	3404
3863	3405
3863	3406
3863	3407
3863	3408
3863	3409
3863	3410
3863	3411
3863	3412
3863	3413
3863	3414
3863	3415
3863	3416
3863	3417
3863	3418
3863	3419
3864	3420
3864	3421
3864	3422
3864	3423
3864	3424
3864	3425
3864	3426
3864	3427
3864	3428
3864	3429
3864	3430
3864	3431
3864	3432
3864	3433
3864	3434
3864	3435
3864	3436
3864	3437
3864	3438
3864	3439
3864	3440
3864	3441
3864	3442
3864	3443
3864	3444
3864	3445
3864	3446
3864	3447
3864	3448
3864	3449
3865	3450
3865	3451
3865	3452
3865	3453
3865	3454
3865	3455
3865	3456
3865	3457
3865	3458
3865	3459
3865	3460
3865	3461
3865	3462
3865	3463
3865	3464
3865	3465
3865	3466
3865	3467
3865	3468
3865	3469
3865	3470
3865	3471
3865	3472
3865	3473
3865	3474
3865	3475
3865	3476
3865	3477
3865	3478
3865	3479
3866	3480
3866	3481
3866	3482
3866	3483
3866	3484
3866	3485
3866	3486
3866	3487
3866	3488
3866	3489
3866	3490
3866	3491
3866	3492
3866	3493
3866	3494
3866	3495
3866	3496
3866	3497
3866	3498
3866	3499
3866	3500
3866	3501
3866	3502
3866	3503
3866	3504
3866	3505
3866	3506
3866	3507
3866	3508
3866	3509
3867	3510
3867	3511
3867	3512
3867	3513
3867	3514
3867	3515
3867	3516
3867	3517
3867	3518
3867	3519
3867	3520
3867	3521
3867	3522
3867	3523
3867	3524
3867	3525
3867	3526
3867	3527
3867	3528
3867	3529
3867	3530
3867	3531
3867	3532
3867	3533
3867	3534
3867	3535
3867	3536
3867	3537
3867	3538
3867	3539
3868	3540
3868	3541
3868	3542
3868	3543
3868	3544
3868	3545
3868	3546
3868	3547
3868	3548
3868	3549
3868	3550
3868	3551
3868	3552
3868	3553
3868	3554
3868	3555
3868	3556
3868	3557
3868	3558
3868	3559
3868	3560
3868	3561
3868	3562
3868	3563
3868	3564
3868	3565
3868	3566
3868	3567
3868	3568
3868	3569
3869	3570
3869	3571
3869	3572
3869	3573
3869	3574
3869	3575
3869	3576
3869	3577
3869	3578
3869	3579
3869	3580
3869	3581
3869	3582
3869	3583
3869	3584
3869	3585
3869	3586
3869	3587
3869	3588
3869	3589
3869	3590
3869	3591
3869	3592
3869	3593
3869	3594
3869	3595
3869	3596
3869	3597
3869	3598
3869	3599
3870	3600
3870	3601
3870	3602
3870	3603
3870	3604
3870	3605
3870	3606
3870	3607
3870	3608
3870	3609
3870	3610
3870	3611
3870	3612
3870	3613
3870	3614
3870	3615
3870	3616
3870	3617
3870	3618
3870	3619
3870	3620
3870	3621
3870	3622
3870	3623
3870	3624
3870	3625
3870	3626
3870	3627
3870	3628
3870	3629
3871	3630
3871	3631
3871	3632
3871	3633
3871	3634
3871	3635
3871	3636
3871	3637
3871	3638
3871	3639
3871	3640
3871	3641
3871	3642
3871	3643
3871	3644
3871	3645
3871	3646
3871	3647
3871	3648
3871	3649
3871	3650
3871	3651
3871	3652
3871	3653
3871	3654
3871	3655
3871	3656
3871	3657
3871	3658
3871	3659
3872	3660
3872	3661
3872	3662
3872	3663
3872	3664
3872	3665
3872	3666
3872	3667
3872	3668
3872	3669
3872	3670
3872	3671
3872	3672
3872	3673
3872	3674
3872	3675
3872	3676
3872	3677
3872	3678
3872	3679
3872	3680
3872	3681
3872	3682
3872	3683
3872	3684
3872	3685
3872	3686
3872	3687
3872	3688
3872	3689
3873	3690
3873	3691
3873	3692
3873	3693
3873	3694
3873	3695
3873	3696
3873	3697
3873	3698
3873	3699
3873	3700
3873	3701
3873	3702
3873	3703
3873	3704
3873	3705
3873	3706
3873	3707
3873	3708
3873	3709
3873	3710
3873	3711
3873	3712
3873	3713
3873	3714
3873	3715
3873	3716
3873	3717
3873	3718
3873	3719
3874	3720
3874	3721
3874	3722
3874	3723
3874	3724
3874	3725
3874	3726
3874	3727
3874	3728
3874	3729
3874	3730
3874	3731
3874	3732
3874	3733
3874	3734
3874	3735
3874	3736
3874	3737
3874	3738
3874	3739
3874	3740
3874	3741
3874	3742
3874	3743
3874	3744
3874	3745
3874	3746
3874	3747
3874	3748
3874	3749
3875	3750
3875	3751
3875	3752
3875	3753
3875	3754
3876	3755
3876	3756
3876	3757
3876	3758
3876	3759
3877	3760
3877	3761
3877	3762
3877	3763
3877	3764
3878	3765
3878	3766
3878	3767
3878	3768
3878	3769
3879	3770
3879	3771
3879	3772
3879	3773
3879	3774
3880	3775
3880	3776
3880	3777
3880	3778
3880	3779
3881	3780
3881	3781
3881	3782
3881	3783
3881	3784
3882	3785
3882	3786
3882	3787
3882	3788
3882	3789
3883	3790
3883	3791
3883	3792
3883	3793
3883	3794
3884	3795
3884	3796
3884	3797
3884	3798
3884	3799
3885	3800
3885	3801
3885	3802
3885	3803
3885	3804
3886	3805
3886	3806
3886	3807
3886	3808
3886	3809
3887	3810
3887	3811
3887	3812
3887	3813
3887	3814
3888	3815
3888	3816
3888	3817
3888	3818
3888	3819
3889	3820
3889	3821
3889	3822
3889	3823
3889	3824
3890	3825
3890	3826
3890	3827
3890	3828
3890	3829
3891	3830
3891	3831
3891	3832
3891	3833
3891	3834
3892	3835
3892	3836
3892	3837
3892	3838
3892	3839
3893	3840
3893	3841
3893	3842
3893	3843
3893	3844
3894	3845
3894	3846
3894	3847
3894	3848
3894	3849
3895	3850
3895	3851
3895	3852
3895	3853
3895	3854
3896	3855
3896	3856
3896	3857
3896	3858
3896	3859
3897	3860
3897	3861
3897	3862
3897	3863
3897	3864
3898	3865
3898	3866
3898	3867
3898	3868
3898	3869
3899	3870
3899	3871
3899	3872
3899	3873
3899	3874
3900	3875
3900	3876
3900	3877
3900	3878
3900	3879
3901	3880
3901	3881
3901	3882
3901	3883
3901	3884
3902	3885
3902	3886
3902	3887
3902	3888
3902	3889
3903	3890
3903	3891
3903	3892
3903	3893
3903	3894
3904	3895
3904	3896
3904	3897
3904	3898
3904	3899
3905	3900
3905	3901
3905	3902
3905	3903
3905	3904
